 SName   Trtime       RAsw    Desw    pe  T90   Flu  Flue  P1  Pe
230414B	16:14:21	181.071	53.127	3	NA	NA	NA	NA	NA
230409B	04:56:57	329.516	52.832	1.7	9.79	9.9	1.2	3.7	0.5
230405B	19:58:03	271.467	-47.070	3	NA	NA	NA	NA	NA
230328B	14:54:48	291.037	80.013	1.0	19.23	43	2	8.4	0.5
230325A	03:15:35	296.854	-46.067	1.5	38.05	13	2	3.3	0.4
230322B	21:10:37	16.550	-47.709	1.7	11.61	3.7	0.6	1.1	0.2
230228A	05:50:50	18.397	44.495	1.5	2.18	3.6	0.4	3.0	0.4
230217A	21:53:10	280.759	-28.840	1.3	1.30	23	2	20.2	1.5
230216A	14:48:34	113.966	-7.993	2.1	91.20	13	2	1.2	0.3
230205A	10:29:51	202.057	46.686	2.3	2.30	1.6	0.3	0.9	0.2
230204A	02:56:57	238.166	-50.848	2.4	182.05	37	3	0.9	0.2
230123A	10:19:44	40.905	-65.661	1.8	5.37	2.7	0.4	1.1	0.2
230116D	21:04:43	98.584	49.831	2.9	41.00	8.12	1.2	0.6	0.2
230116C	15:33:21	223.467	-16.883	1.4	316.77	61	5	0.8	0.3
221231A	21:46:05	336.260	25.138	5	NA	NA	NA	NA	NA
221226B	22:41:20	22.903	-41.515	1.2	3.44	5.4	0.5	2.6	0.3
221216A	11:21:20	326.023	-34.394	1.3	174.48	46	3	1.8	0.2
221215A	04:14:27	155.056	46.873	3	NA	NA	NA	NA	NA
221206B	12:22:47	251.155	42.671	4	NA	NA	NA	NA	NA
221202A	20:06:10	77.002	-59.836	2.1	10.34	3.2	0.6	0.7	0.2
221201A	12:25:05	266.903	-68.230	1.0	33.71	86	2	11.2	0.6
221120A	21:29:28	41.363	43.241	1.8	0.79	1.1	0.2	1.2	0.2
221110A	02:28:17	29.106	-27.298	1.5	8.98	5.1	0.5	1.1	0.2
221028A	13:16:27	314.198	41.082	1.6	57.1	15.1	1.4	0.8	0.2
221027B	19:13:38	225.601	47.451	1.6	8.66	5.8	0.6	3.4	0.4
221024A	13:00:27	169.702	33.068	2.9	120	15	2	1.5	0.3
221022A	19:33:33	118.342	-5.117	5	NA	NA	NA	NA	NA
221016A	23:39:24	38.938	-34.615	1.0	21.86	23	1	3.4	0.3
221009A	14:10:17	288.254	19.809	2.4	1068.40	740	10	1.9	0.3
220930A	11:11:52	64.725	13.353	1.7	180.47	55	4	6.2	1.0
220909A	06:52:13	216.0448	-8.8551	3	NA	NA	NA	NA	NA
220907A	14:05:25	268.869	-20.303	1.9	8.49	4.1	0.6	1.0	0.2
220831A	13:56:33	24.2550	-41.5818	2	NA	NA	NA	NA	NA
220826A	11:55:21	206.421	-44.036	1.1	11.14	12	1	2.6	0.2
220813A	19:23:03	81.501	-32.985	3	NA	NA	NA	NA	NA
220806A	18:08:39	260.858	-26.021	2.0	4.78	1.5	0.3	1.1	0.2
220730A	15:48:55	224.988	-69.496	1.7	0.19	1.6	0.2	1.6	0.3
220715B	22:24:42	254.860	-33.586	1.1	40.40	12	1	1.3	0.2
220714B	13:58:04	47.086	-19.321	1.3	50.10	44	1	3.8	0.2
220711B	18:16:28	262.018	24.674	1.3	88.64	60	3	2.0	0.4
220710A	03:29:34	221.592	20.657	2	NA	NA	NA	NA	NA
220708B	02:06:57	248.652	36.338	5	NA	NA	NA	NA	NA
220708A	04:39:29	103.038	72.199	2.2	4.4	1.3	0.3	0.8	0.2
220706A	16:09:14	0.577	-16.411	1.8	86.9	14	1	0.9	0.2
220701A	04:52:58	242.474	55.436	2.5	5.77	1.8	0.4	0.7	0.2
220623A	07:04:14	145.459	75.823	1.0	57.11	35	1	4.5	0.2
220618A	09:10:29	38.986	55.218	2.0	96.00	22	3	0.8	0.4
220611A	18:01:51	66.505	-37.265	2.1	57.00	6.7	1.3	NA	NA
220606B	01:03:28	28.474	-54.471	5	NA	NA	NA	NA	NA
220521A	23:20:21	275.218	10.372	1.7	13.55	8.1	0.8	4.7	0.4
220518A	06:19:20	55.340	-47.593	2.0	12.29	5.7	0.8	1.8	0.3
220511A	13:47:57	287.446	17.739	7	NA	NA	NA	NA	NA
220501A	19:51:51	85.583	14.010	1.6	202.24	22	2	1.2	0.2
220430A	13:53:15	97.616	9.547	1.0	43.10	440	5	29.6	0.6
220427A	21:00:34	275.922	-56.257	2.0	57.2	21	2	3.0	0.3
220418B	17:16:21	224.344	-17.539	3	NA	NA	NA	NA	NA
220412B	17:06:49	320.758	-0.261	1.6	0.14	0.89	0.12	1.0	0.2
220412A	06:36:50	123.975	30.336	1.9	41.66	5.9	0.9	0.5	0.1
220408A	05:46:04	202.399	47.065	1.2	17.25	12	1	4.9	0.4
220404A	11:54:30	50.413	10.001	2.7	2.54	1.4	0.3	1.1	0.3
220403B	20:42:42	190.974	89.180	1.0	27.0	37	1	2.7	0.3
220325A	17:16:23	269.469	-7.055	1.5	3.50	2.9	0.4	2.0	0.3
220319A	17:40:33	218.139	61.291	1.9	6.44	2.3	0.4	1.5	0.2
220306B	18:15:37	5.380	71.384	1.6	12.34	6.0	0.7	2.3	0.3
220305A	16:13:08	107.610	-37.703	1.5	21.12	20	2	2.1	0.5
220302A	07:40:19	301.432	49.389	3	NA	NA	NA	NA	NA
220218A	22:28:59	133.830	31.984	3	NA	NA	NA	NA	NA
220210A	23:56:38	345.778	61.826	2	NA	NA	NA	NA	NA
220118A	18:20:38	192.277	22.911	1.4	10.61	18	1	3.3	0.5
220117C	04:45:55	286.457	16.791	2	8.55	NA	NA	NA	NA
220117B	20:05:28	191.989	-28.762	2.7	24.37	2.9	0.6	0.5	0.2
220117A	16:18:51	91.590	-28.402	1.7	49.81	16	2	1.9	0.4
220107A	14:45:31	169.761	34.139	10	NA	NA	NA	NA	NA
220101A	05:09:55	1.360	31.758	2.2	173.36	250	0	7.3	0.3
211229A	03:29:15	295.044	23.133	4	NA	NA	NA	NA	NA
211227A	23:32:06	132.144	-2.736	1.4	83.79	80	2	5.1	0.4
211225B	13:12:19	258.545	17.277	1.0	121.54	150	3	6.1	0.3
211223C	14:29:26	227.165	-26.878	1.2	15.00	24	1	3.1	0.4
211221A	20:48:40	78.906	0.902	2.6	671.67	40	3	0.5	0.1
211211A	13:09:59	212.272	27.884	1.0	51.37	1500	20	155.0	3.1
211207A	20:52:56	149.601	-24.360	2.3	3.73	1.9	0.4	0.9	0.2
211129A	09:51:06	274.565	31.781	1.5	113.01	23	2	1.5	0.2
211107B	17:27:10	65.7949	-27.5524	2	NA	NA	NA	NA	NA
211106A	04:37:31.2	343.643	-53.236	7	1.75	NA	NA	NA	NA
211025A	05:10:20	162.407	31.506	2.3	103.5	7.7	1.4	0.5	0.1
211024B	22:20:36	154.708	24.566	1.0	603.5	68	3	0.9	0.2
211024A	01:34:11.4	28.053	-6.973	6	NA	NA	NA	NA	NA
211023B	21:05:52	170.314	39.133	2.0	1.30	1.7	0.3	2.2	0.3
210930A	02:46:52	197.415	48.630	1.6	11.81	4.0	0.5	0.7	0.2
210919A	00:28:33	80.242	1.286	2.0	0.16	0.88	0.17	1.5	0.3
210912A	11:01:11	129.874	79.216	1.2	28.35	11	1	1.7	0.2
210905A	00:12:41	309.062	-44.431	3	NA	NA	NA	NA	NA
210901A	15:04:36	295.224	-76.942	1.9	46.77	31	3	2.4	0.6
210827A	09:59:24.34	174.9181	55.7858	4	NA	NA	NA	NA	NA
210824A	04:10:01	232.115	11.169	1.2	37.55	17	1	1.3	0.2
210822A	09:18:18	304.461	5.265	1.0	180.8	200	4	27.7	0.7
210820A	17:38:00	20.622	4.642	3.4	196.8	15	2	0.8	0.2
210818A	01:02:08	148.949	-87.029	1.0	73.56	160	3	11.2	0.4
210807C	22:57:08	143.540	-51.409	1.0	89.97	120	0	4.0	0.7
210807A	10:03:40	76.666	58.257	1.5	156.30	95	4	1.8	0.4
210731A	22:21:08	300.311	-28.056	1.7	22.51	22	2	1.6	0.3
210730A	04:57:29	149.570	69.703	1.0	3.86	13	1	7.1	0.5
210726A	19:19:03	193.333	19.211	2.6	0.39	0.45	0.11	0.7	0.3
210725B	12:00:48	192.914	17.130	2.7	48.00	4.9	1.1	0.6	0.2
210725A	03:47:02	215.381	-1.177	2.3	53.54	8.1	1.2	1.0	0.2
210724A	20:14:09	227.425	-6.279	1.9	50.57	18	2	2.5	0.8
210723A	14:46:10	121.723	-32.893	1.0	48.54	53	2	3.1	0.3
210722A	20:54:42	27.031	-6.347	1.2	50.20	25	2	2.2	0.5
210712A	09:43:11	97.322	-35.376	1.7	136.41	30	3	2.3	0.3
210708B	13:23:24	142.594	14.523	2.5	298.43	22	4	NA	0.3
210708A	02:25:37	173.759	-49.164	2.2	2.77	1.1	0.2	0.8	0.2
210706A	08:17:49.9	312.0124	13.3079	5	NA	NA	NA	NA	NA
210702A	19:07:13	168.570	-36.741	1.5	138.2	98	5	NA	NA
210626A	08:16:15.9	221.6199	-1.1512	5	NA	NA	NA	NA	NA
210622A	01:32:35.9	233.117	-26.213	2.5	NA	NA	NA	NA	NA
210619B	23:59:25	319.718	33.850	1.0	60.90	950	10	115.0	2.2
210618A	01:43:37	235.763	46.072	2.0	2.13	1.8	0.3	1.1	0.2
210610B	19:51:27	243.929	14.398	1.0	69.38	360	10	13.5	0.7
210610A	15:03:43	204.284	14.476	1.7	13.62	10	1	2.4	0.4
210606A	03:56:02	170.904	0.718	4	NA	NA	NA	NA	NA
210605B	14:55:58	15.732	-6.467	5	NA	NA	NA	NA	NA
210527A	07:07:48	172.346	31.627	1.8	63.21	6.5	1.0	0.4	0.1
210517A	05:28:01	358.190	-39.104	2.0	3.06	1.5	0.3	1.5	0.2
210515C	20:02:01	1.106	-14.972	2.0	55.7	5.9	1.1	0.6	0.2
210514A	18:23:47	2.947	-21.898	1.0	70.21	74	2	8.7	0.4
210509A	14:32:20	350.363	6.650	1.5	8.22	3.1	0.4	1.2	0.2
210504A	13:54:53	222.379	-30.557	2.1	135.06	27	2	0.9	0.2
210430A	10:42:10	57.185	45.080	1.7	11.53	9.9	1.3	1.9	0.4
210422A	17:47:10	21.077	42.100	2.1	39.00	7.2	1.1	1.3	0.2
210421B	10:54:44	270.817	56.828	5	NA	NA	NA	NA	NA
210421A	00:27:30	104.882	4.928	1.2	79.52	20	2	2.0	0.3
210420B	18:34:37	254.313	42.558	2.1	158.8	15	2	0.5	0.2
210419C	23:27:49	212.969	36.011	2.1	73.00	8.1	1.2	0.8	0.2
210419A	06:53:41	86.912	-65.452	2.7	64.43	7.8	1.2	0.6	0.2
210413B	23:46:52.45	182.558	55.965	3	1.088	NA	NA	NA	NA
210411C	15:05:51	296.601	-39.399	1.0	12.80	12	1	4.8	0.3
210410A	00:53:16	269.741	45.359	1.0	52.88	56	2	4.0	0.3
210403A	08:27:13	2.813	-33.024	2.6	168.3	27	2	1.1	0.2
210402A	NA	198.265	44.510	1.2	238.7	86	4	1.6	0.2
210323B	12:03:33	259.664	15.677	6	NA	NA	NA	NA	NA
210323A	22:02:18	317.945	25.352	1.4	1.12	2.4	0.3	2.9	0.3
210321A	07:13:51	87.887	70.109	1.6	8.21	6.7	0.8	1.7	0.4
210318B	03:08:33	264.228	-35.823	1.0	14.95	100	2	14.5	0.4
210318A	03:54:31	33.892	-37.755	2.9	48.00	6.4	1.3	0.3	0.3
210308A	06:37:56	67.083	37.429	1.0	5.3	32	1	13.6	0.7
210307A	08:42:38	119.244	-66.965	2.1	262	28	3	1.0	0.2
210306B	09:32:14	331.813	10.152	1.9	24.32	17	2	2.4	0.5
210306A	03:53:57	129.964	60.203	1.0	9.12	57	1	20.9	0.7
210305A	19:03:04	319.808	34.548	1.0	68.6	71	2	3.4	0.3
210226A	04:43:57	124.153	57.585	1.5	20.80	12	1	2.8	0.3
210222B	22:37:26	154.631	-14.946	2.0	12.82	3.4	0.7	1.4	0.3
210218A	13:35:19	47.318	35.322	1.4	240	43	3	1.0	0.2
210217A	23:25:42	97.578	68.715	1.4	4.22	6.8	0.7	5.1	0.5
210212A	04:25:18	72.249	7.215	1.9	80.0	8.0	1.2	0.5	0.1
210211A	08:43:18	269.408	-46.270	1.4	6.1	4.2	0.4	1.0	0.2
210210A	02:00:27	262.764	14.657	1.0	6.60	9.8	0.8	7.0	0.5
210209A	21:39:44	328.097	43.545	1.6	139.4	24	2	0.6	0.2
210207B	21:52:08	270.614	53.700	1.4	95.69	43	2	3.1	0.2
210205A	11:11:17	347.264	56.311	2.1	22.70	8.7	1.6	1.6	0.5
210119A	02:54:09	282.822	-61.767	1.5	0.06	0.71	0.09	1.0	0.2
210112A	01:37:03	219.005	33.058	1.2	107.60	233	3	20.5	0.6
210104B	21:10:10	53.561	37.951	1.7	19.94	12	1	1.9	0.3
210104A	11:26:59	103.771	64.675	1.0	32.06	88	2	12.1	0.4
210102C	20:38:11	235.747	-37.231	1.0	87.25	39	2	4.4	0.3
201229A	10:59:30	210.692	48.209	2.6	53.3	13	2	1.7	0.4
201228B	15:21:45	35.594	56.015	3	NA	NA	NA	NA	NA
201223A	17:58:26	132.735	71.176	1.4	29.0	13	1	1.5	0.2
201221D	23:06:34	171.055	42.152	1.3	0.16	3.9	0.4	5.6	0.5
201221A	07:09:01	214.488	-45.406	1.6	44.5	18	2	1.0	0.3
201216C	23:07:31	16.364	16.538	1.0	48.0	450	10	18.0	1.1
201216A	19:00:31	201.4872	36.3116	3	NA	NA	NA	NA	NA
201214B	16:07:46	187.9710	9.1031	2	NA	NA	NA	NA	NA
201209A	05:44:52	23.096	-1.762	1.1	48.0	140	10	12.2	1.1
201203A	06:52:27	38.055	-26.505	1.9	12.18	2.9	0.5	0.5	0.1
201128B	17:54:11	339.354	-49.246	5	NA	NA	NA	NA	NA
201128A	06:27:58	223.091	26.716	2.4	5.41	2.0	0.4	0.4	0.2
201105A	05:31:10	245.610	12.734	1.0	33.82	120	2	13.9	0.5
201104B	17:33:46	5.215	7.834	1.0	8.66	18	1	4.1	0.3
201029A	20:19:50	229.607	44.473	2.0	120.55	22	1	0.6	0.1
201027A	01:07:44	155.954	-5.499	1.9	546.73	NA	NA	1.4	0.3
201026A	22:37:34	196.696	83.807	1.2	135.38	56	2	2.2	0.3
201024A	02:48:59	125.959	3.357	1.6	5.00	8.1	0.9	3.7	0.6
201021C	20:27:18	12.503	-55.862	1.3	24.38	10	1	1.0	0.2
201020A	05:47:26	261.239	31.428	1.2	14.17	9.2	0.7	2.1	0.2
201017A	09:46:31	36.587	66.663	2.3	22.08	9.0	1.4	1.8	0.4
201015A	22:50:13	354.310	53.446	2.9	9.78	2.0	0.6	1.8	0.4
201014A	22:48:38	20.834	27.722	2.5	36.2	3.1	0.7	0.3	0.2
201013A	03:46:30	107.392	57.031	1.0	7.36	67	1	24.6	0.7
201008A	10:37:36	161.744	46.101	5	 2.5	NA	NA	NA	NA
201006A	01:17:52	61.917	65.148	2.1	0.49	1.3	0.2	2.2	0.3
201001A	09:58:51	110.050	-2.213	1.9	15.2	7.6	1.1	1.0	0.3
200925B	21:50:37	246.892	78.393	1.2	18.25	10	1	3.0	0.3
200922A	12:06:46	296.954	-55.199	1.0	10.30	28	1	11.4	0.5
200919A	01:52:20	168.899	32.456	1.3	76.0	18	2	1.2	0.2
200917A	03:52:28	235.742	-4.695	2.0	19.4	3.0	0.6	0.6	0.2
200909B	23:17:10	175.171	-31.199	1.4	16.9	12	1	1.3	0.3
200907B	18:51:11	89.019	6.905	1.8	0.83	1.6	0.2	1.5	0.2
200906A	13:11:04	272.284	67.887	1.4	70.90	28	1	2.5	0.2
200903A	00:44:22	164.313	50.488	1.0	24.15	28	1	3.8	0.3
200901B	07:09:26	217.860	-38.704	3.0	705.94	43	4	0.4	0.2
200901A	03:47:31	61.759	-59.901	1.1	20.37	29	2	7.7	0.6
200829A	13:59:34	251.136	72.363	1.8	13.04	510	10	98.7	1.6
200819A	15:43:52	21.527	63.061	2.1	23.62	3.2	0.6	0.6	0.1
200809B	15:41:27	15.9406	-73.8459	4	NA	NA	NA	NA	NA
200806A	15:28:49	52.933	37.076	1.0	38.8	10	2	12.1	0.4
200729A	19:38:05	184.360	45.571	2.3	122.0	16	2	0.7	0.3
200716C	22:57:41	196.011	29.636	1.0	86	36	2	10.7	0.5
200716A	01:26:37.76	139.348	-16.712	5	NA	NA	NA	NA	NA
200714E	18:35:05	196.8656	-51.6403	5	NA	NA	NA	NA	NA
200713A	11:42:54	76.941	-32.846	2.8	48.98	9.0	1.6	0.8	0.3
200711A	11:04:36	285.975	-0.134	1.4	29.39	53	3	7.7	1.0
200701A	12:46:59	123.563	-14.553	1.7	38.9	9.3	1.0	0.7	0.2
200630A	01:49:34	91.389	-60.779	1.9	14.83	4.7	0.7	1.4	0.2
200623A	03:18:00	242.0952	53.4678	4	NA	NA	NA	NA	NA
200612A	04:39:37	302.691	-45.354	1.5	171.48	38	2	0.7	0.2
200608A	17:28:38	309.628	-31.194	2.3	119.2	15	2	0.7	0.3
200529A	00:56:35	238.756	-11.076	1.2	79.57	32	2	1.8	0.3
200528A	10:27:23	176.637	58.185	1.0	58.7	180	0	17.5	0.5
200522A	11:41:34	5.668	-0.264	1.6	0.62	1.1	0.1	1.5	0.2
200519A	11:20:23	255.319	-30.393	1.0	71.88	120	2	20.6	0.5
200512A	20:33:15	7.417	-2.217	1.5	74.0	8.1	1.0	0.4	0.1
200509A	06:47:17	116.415	-4.634	1.7	828.2	73	4	1.5	0.2
200425A	00:16:21	85.217	-13.399	2.0	81.0	12	2	0.7	0.2
200416A	07:05:17	335.691	-7.525	1.4	5.04	8.7	0.8	3.8	0.5
200411A	04:29:02	47.686	-52.320	1.6	0.22	0.86	0.11	1.1	0.2
200410A	02:25:10	299.644	51.745	2.9	108.8	12	2	1.8	0.3
200409A	03:19:59	60.555	-50.243	2.7	17.91	2.3	0.6	1.2	0.2
200405B	NA	62.7894	-51.5326	4	NA	NA	NA	NA	NA
200325A	NA	31.7203	-31.816	4	NA	NA	NA	NA	NA
200324A	16:39:07	222.682	35.931	1.1	NA	23	2	0.7	0.2
200306C	22:50:39	198.577	11.263	1.3	53.5	28	2	1.3	0.3
200306A	00:19:40	101.114	-62.010	1.0	32.87	100	2	7.0	0.3
200303A	02:34:57	212.695	51.358	1.0	94.2	130	0.0	5.0	0.3
200228B	11:14:41	252.007	16.964	2.5	7.37	3.0	0.6	1.0	0.4
200228A	NA	333.8928	-42.9443	3	NA	NA	NA	NA	NA
200227A	07:20:08	56.433	9.489	1.0	32.8	71	2	5.7	0.4
200224A	03:24:49	248.743	41.666	3.5	45.0	2.9	0.9	0.4	0.1
200219A	07:36:49	342.595	-59.101	2.4	288.0	7.4	1.1	2.4	0.2
200216B	13:32:33	160.452	19.468	1.0	81.3	16	1	1.5	0.2
200216A	NA	311.4378	-11.6580	3	NA	NA	NA	NA	NA
200215A	14:39:31	34.100	12.775	1.0	11.7	11	1	2.7	0.2
200205B	19:21:43	107.760	-56.488	1.8	458.0	54	2	2.0	0.2
200131A	22:41:15	3.067	51.121	1.2	32.74	70	1	26.9	0.6
200127A	14:44:31	295.206	44.934	2.4	216.9	24	3	0.7	0.2
200125A	11:31:39	228.069	-8.142	1.8	350.83	87	4	4.0	0.2
200122A	01:41:00	210.010	27.548	1.0	174.96	110	3	9.1	0.4
200115A	11:50:23	56.453	5.607	1.1	158.4	100	0.0	3.6	0.3
200109A	01:46:16	307.116	52.988	1.2	112.0	21	2	0.7	0.2
200107B	19:26:28	107.067	-83.716	1.2	86.68	30	2	1.9	0.2
191228A	00:01:19	5.341	-8.650	2.4	166.9	20	2	0.6	0.2
191227A	01:39:37	319.172	-16.717	1.2	58.5	250	10	21.8	1.3
191221B	20:39:13	154.831	-38.152	1.1	48.00	190	10	4.8	0.7
191220A	13:29:37	281.335	26.679	3.0	175.55	11	3	1.1	0.4
191218A	02:42:43	301.070	-40.277	1.4	44.67	78	4	6.3	0.9
191213A	04:06:23	224.530	-9.745	2.2	NA	21	2	0.5	0.2
191130A	13:05:02	133.137	5.017	1.7	17.6	6.86	0.6	1.1	0.2
191123A	10:38:44	215.289	22.823	2.2	275.1	12	2	1.2	0.2
191122A	13:32:56	54.290	-32.176	1.0	153.3	66	3	3.1	0.4
191106A	14:15:23	269.356	46.046	1.7	3.42	3.2	0.3	1.1	0.2
191101A	21:08:03	251.845	43.740	1.7	137.95	19	2	1.3	0.3
191031D	21:23:31	283.269	47.645	1.4	0.29	4.1	0.4	4.3	0.4
191031C	18:43:54	115.880	-62.322	1.3	93.2	72	3	4.6	0.5
191031A	00:36:33	233.490	6.109	2.0	19.1	9.0	1.1	1.0	0.2
191029A	11:15:20	352.140	-40.464	1.8	39.5	11	1	1.1	0.3
191024A	04:42:52	10.129	-67.138	1.3	7.08	4.7	0.4	1.6	0.2
191019A	15:12:33	340.035	-17.340	1.0	64.35	100	3	5.7	0.4
191017B	14:36:06	245.131	-73.583	1.8	5.95	5.6	0.7	1.9	0.3
191016A	04:09:00	30.268	24.508	1.5	219.70	65	4	1.5	0.2
191011A	04:35:56	44.729	-27.853	1.5	7.37	3.3	0.4	1.8	0.2
191004B	21:33:41	49.200	-39.637	1.0	37.7	25	1	5.0	0.2
191004A	18:07:02	31.716	-36.932	1.1	2.44	13	1	7.8	0.5
191001B	17:19:20	86.423	-15.880	3.6	108.9	46	3	1.8	0.4
190926A	09:52:16	100.616	59.531	2.3	368.9	25	2	0.6	0.2
190829A	19:56:44.60	44.542	-8.958	1.9	58.2	64	7	18.0	2.7
190828B	12:59:59.42	251.838	27.287	1.0	66.6	42	2	2.3	0.2
190824A	14:46:39	215.323	-41.900	1.7	169.4	85	4	5.0	0.5
190821A	17:10:03	250.070	-34.027	1.3	57.1	24	1	2.8	0.3
190816A	14:42:24	341.183	-29.745	1.7	375.0	98	6	1.3	0.3
190727B	20:18:17	126.500	-13.272	1.0	40.14	180	3	20.9	0.7
190719C	14:58:34	240.208	13.005	1.2	185.7	51	3	5.5	0.3
190718A	04:41:15	336.605	-41.184	2.4	720.0	3.6	0.6	1.0	0.2
190706B	12:40:50	107.443	-29.575	2.2	25.16	5.8	0.9	1.4	0.2
190701A	09:45:20	28.131	58.899	2.4	52.4	8.7	1.5	1.2	0.3
190630C	23:52:59	293.890	-32.759	1.1	38.4	23	2	2.0	0.3
190630B	06:02:08	223.729	41.528	2.0	5.6	2.8	0.4	1.1	0.2
190627A	11:18:31	244.843	-5.302	2.7	1.60	0.99	0.22	1.1	0.3
190613B	10:47:02	305.434	-4.655	1.9	160.84	23	3	5.7	0.7
190613A	04:07:18	182.552	67.244	2.2	17.6	17	3	1.5	0.7
190611A	17:49:01	324.689	-56.070	3.0	41.8	4.6	1.6	0.9	0.3
190610A	11:27:45	46.244	-7.66	1.9	0.62	4.1	0.5	3.9	0.5
190604B	14:57:15	297.546	-32.975	1.0	220.2	177	4	7.3	0.4
190519A	07:25:39	114.758	-38.813	1.7	45.58	180	10	20.6	1.7
190515B	16:04:21	98.826	52.322	1.5	46.4	16	1	1.1	0.2
190512A	14:40:09	82.402	-7.582	2.9	40.1	13	1	1.0	0.2
190511A	07:14:48	126.443	-20.252	1.5	27.7	74	5	6.2	1.2
190427A	04:34:15	280.217	40.304	2.4	0.3	1.3	0.2	1.6	0.3
190424A	10:00:43	48.693	20.239	1.4	10.6	12	1	2.0	0.3
190422A	22:55:29	182.126	-60.167	2.4	NA	65	3	2.6	0.2
190331B	03:59:05	326.258	-54.555	NA	NA	NA	NA	NA	NA
190331A	02:14:37.50	28.573	27.635	1.4	4.3	4.5	0.4	2.8	0.2
190326A	07:35:28	341.652	39.914	1.6	0.08	0.63	0.08	1.55	0.30
190324A	22:44:01	49.603	-47.212	1.0	28.4	72	2	11.9	0.5
190320A	01:14:36	117.824	-45.876	1.9	64.0	27	3	1.3	0.5
190311A	14:23:33	212.067	53.486	1.3	17.0	9.1	0.9	1.8	0.3
190220A	02:59:34	330.128	-76.669	1.3	10.0	8.9	1.0	2.6	0.4
190219A	19:38:58	189.686	76.606	1.6	167.8	39	2	1.9	0.2
190211A	16:54:44	196.652	41.976	2.3	12.48	6.5	1.2	1.9	0.4
190204A	05:46:01	351.491	54.884	1.0	26.4	130	3	30.5	0.9
190203A	15:44:08	22.603	55.736	1.0	96	150	5	3.1	0.6
190202A	01:39:30	166.506	9.393	1.9	19.4	60	5	7.8	1.5
190123A	12:19:13	53.175	45.505	1.7	24.4	8.4	1.1	1.0	0.2
190114C	20:57:03	54.503	-26.938	1.0	361.5	830	10	101.0	1.5
190114B	19:31:12	174.868	18.882	2.3	26.5	5.1	1.0	0.5	0.2
190114A	03:10:49	65.543	2.196	1.7	66.6	8.0	1.2	0.5	0.2
190110A	17:24:48	276.939	-53.643	1.0	9.3	25	1	9.0	0.5
190109B	11:56:09	55.563	63.592	1.4	5.92	4.8	0.5	1.7	0.2
190109A	05:12:41	33.213	38.111	1.0	115.0	55	3	1.9	0.3
190106A	13:34:44	29.877	23.839	1.0	76.8	60	2	5.5	0.3
190103B	21:03:51	212.561	35.254	1.3	19.5	120	10	16.3	1.5
181228A	02:53:17	49.831	13.212	1.0	257.3	100	3	9.5	0.5
181224A	13:36:51	125.949	6.194	1.9	12.5	4.9	0.6	1.0	0.2
181213A	12:57:38	248.210	78.500	1.9	15.31	15	2	2.1	0.6
181203A	12:08:47	108.341	-39.783	1.3	15.30	7.8	0.7	1.1	0.2
181202A	06:36:24	280.737	27.976	2.0	6.56	2.5	0.4	0.9	0.2
181126A	09:54:08	152.350	-29.698	1.5	2.09	3.1	0.4	2.7	0.3
181125A	08:54:39	268.391	-2.634	2.2	10.5	3.3	0.6	1.5	0.3
181123B	05:33:03	184.354	14.619	1.9	0.26	1.2	0.2	1.3	0.3
181110A	08:43:31	302.330	-36.878	1.4	138.4	99	3	3.7	0.3
181103A	04:22:30	197.093	52.220	2.0	8.38	2.8	0.5	0.8	0.2
181030A	01:27:22	146.916	14.657	1.1	304.7	62	3	0.8	0.2
181027A	01:48:59	225.361	30.937	1.1	81.16	28	2	1.2	0.2
181023A	02:04:02	248.322	19.581	2.0	58.0	13	2	1.0	0.3
181022A	17:30:13	56.808	-29.374	2.6	6.74	1.9	0.4	0.4	0.2
181020A	19:00:33	13.987	-47.372	1.0	238.0	81	3	7.7	0.3
181016A	00:55:00	231.273	-35.307	1.8	111.6	19	2	0.7	0.3
181013A	02:39:29	207.661	40.107	3.3	104.1	3.0	1.4	0.5	0.2
181010A	05:55:51	52.574	-23.023	1.4	16.4	6.9	0.7	1.4	0.2
181003A	05:11:03	52.481	-33.991	1.7	21.5	4.2	0.7	0.6	0.1
181002A	11:26:43	64.739	15.248	1.8	63.4	8.8	1.3	0.6	0.2
180930A	12:43:49	76.894	-25.124	2.2	6.80	2.1	0.4	NA	0.2
180925A	14:37:31	315.212	-64.450	1.5	81.70	41	3	3.1	0.6
180924A	15:22:22	49.207	-58.524	1.4	95.1	14	1	0.6	0.1
180905A	13:57:46	91.038	-4.592	1.7	165.3	42	3	1.0	0.3
180904A	21:28:32	274.260	46.640	2.4	5.40	2.4	0.4	0.5	0.2
180828A	18:57:34	268.704	-25.791	1.0	14.0	88	3	17.8	0.9
180823A	19:04:32	210.358	14.901	1.0	80.3	78	2	2.3	0.2
180821A	16:40:34	7.739	-38.612	2.3	64.00	14	3	NA	NA
180818B	12:30:18	104.227	39.310	1.7	134.4	23	2	1.2	0.2
180818A	03:12:04	169.698	-48.344	2.3	13.7	2.6	0.6	0.6	0.2
180812A	08:22:30	245.839	74.674	2.3	16.51	8.0	1.4	1.9	0.4
180809B	20:28:48	299.712	-15.293	1.0	233.2	730	10	26.3	0.6
180805B	13:02:36	25.877	-17.475	3.1	122.5	9.6	1.7	1.7	0.2
180805A	09:04:49	167.575	-45.327	2.1	1.68	1.1	0.3	1.1	0.2
180728A	17:29:00	253.574	-54.037	1.0	8.68	296	6	132.0	2.9
180727A	14:15:28	346.639	-63.066	1.1	1.1	2.7	0.2	3.6	0.2
180721A	11:06:48	347.708	4.871	1.8	47.6	5.9	0.9	0.9	0.1
180720C	22:23:57	265.655	-26.634	1.7	124.2	24	2	1.1	0.2
180720B	14:21:44	0.528	-2.925	1.2	NA	860	10	67.9	2.6
180718A	01:57:45	336.019	2.790	3.0	0.08	NA	NA	NA	NA
180715A	18:07:05	235.085	-0.899	2.0	0.68	1.3	0.2	1.2	0.2
180709A	10:52:00	38.086	60.333	1.6	215.1	14	2	0.6	0.2
180706A	08:24:40	181.687	66.044	1.1	42.7	24	1	3.2	0.2
180705A	15:41:14	212.605	-11.640	2.1	123.2	20	3	0.7	0.3
180704A	05:36:42	32.605	69.965	1.3	19.7	62	4	9.6	1.2
180630A	11:11:51	48.885	-87.476	1.0	18.85	18	1	6.6	0.4
180626A	08:21:16	243.569	14.759	1.0	30.07	48	2	4.1	0.4
180624A	13:49:40	318.096	-2.356	1.3	486.4	58	3	1.4	0.2
180623A	16:41:56	214.528	-60.268	1.0	114.9	120	2	5.6	0.2
180620B	15:50:37	357.514	-57.954	1.0	198.8	100	3	3.6	0.2
180620A	08:34:58	279.890	23.239	1.0	23.16	58	2	7.7	0.4
180618A	00:43:13	169.948	73.825	1.5	47.4	6.7	1.0	2.2	0.2
180614A	19:16:13	3.073	46.969	1.9	7.04	2.1	0.3	0.7	0.1
180613A	15:36:18	211.545	-43.082	1.8	50.8	NA	NA	NA	NA
180602A	08:14:50	142.343	32.080	1.5	45.4	16	1	0.9	0.2
180514A	13:25:33	197.382	36.970	1.3	46.9	10	1	0.7	0.1
180512A	22:01:47	201.940	21.404	1.9	24.0	4.2	0.7	0.6	0.2
180510B	20:15:42	77.965	-62.320	1.7	134.3	21	2	1.2	0.2
180510A	19:24:34	276.335	-31.917	1.0	40.4	62	2	8.9	0.5
180504A	19:46:13	331.144	-14.665	1.3	88.3	22	2	0.8	0.2
180425A	06:46:21	64.450	-32.949	1.5	11.2	11	1	2.2	0.3
180418A	06:44:06	170.132	24.925	1.2	2.29	3.2	0.2	3.0	0.2
180411A	12:27:43	356.840	66.790	1.0	77.5	120	0	6.1	0.2
180410A	08:02:59	95.974	12.804	1.9	100.7	22	2	0.7	0.2
180407A	01:54:49	35.236	33.513	1.8	95.9	14	2	0.9	0.2
180404B	02:11:44	53.390	-50.213	1.0	111.5	120	2	5.2	0.2
180404A	00:45:35	83.540	-37.168	1.1	35.2	13	1	1.3	0.2
180402A	09:44:59	251.923	-14.928	2.0	0.18	1.4	0.2	1.8	0.3
180331B	15:38:39	196.781	61.735	2.0	147.0	19	2	2.8	0.3
180331A	04:14:55	66.005	13.386	1.9	48.0	6.1	1.0	0.5	0.1
180329B	14:08:23	82.905	-23.694	1.8	210.0	33	3	1.4	0.4
180329A	00:58:00	329.314	-15.043	2.3	9.1	2.3	0.4	0.5	0.2
180325A	01:53:02	157.416	24.461	1.1	94.1	65	2	9.4	0.3
180324A	04:37:09	76.581	56.744	1.4	7.2	5.6	0.5	4.4	0.3
180316A	04:57:25	265.422	0.737	1.5	87.0	49	4	3.3	0.5
180314B	22:23:36	297.855	23.634	2.0	73.0	9.6	1.4	1.1	0.2
180314A	00:43:31	99.208	-24.530	3.1	51.2	110	4	7.9	0.6
180311A	18:03:49	3.379	-54.491	2.3	23.0	3.3	0.7	0.6	0.2
180224A	22:21:07	202.675	38.073	1.3	10.9	4.7	0.5	1.4	0.2
180222A	13:10:03	256.537	-36.819	1.6	64.0	7.9	1.0	0.4	0.1
180205A	04:25:29.3	126.819	11.536	1.1	15.5	10	1	3.4	0.3
180204A	02:36:16	330.123	30.852	1.1	1.16	4.8	0.3	3.6	0.3
180115A	04:16:03	12.040	-15.632	1.8	40.9	7.6	1.1	0.6	0.2
180113A	02:47:06	19.211	68.682	1.0	64	48	2	2.5	0.2
180111A	16:42:06	149.782	48.254	1.0	50.6	102	2	4.9	0.3
180103A	01:08:30	159.585	-53.555	3	NA	NA	NA	NA	NA
180102A	15:49:44	203.078	62.161	1.5	10.8	3.5	0.4	1.0	0.1
171222A	16:24:59	148.273	35.624	1.7	174.8	19	2	0.7	0.2
171216A	03:06:59	212.013	-50.500	2.1	30.0	4.8	1.0	0.8	0.2
171212A	11:57:21	293.920	20.597	1.7	320	34	3	0.7	0.2
171211A	09:27:32	98.154	-58.689	1.8	2.32	2.4	0.3	2.3	0.3
171209A	14:46:16	139.387	-30.523	1.2	161.7	75	3	1.6	2
171205A	07:20:43	167.423	-12.599	1.6	189.4	36	3	1.0	0.3
171123A	14:14:47	186.198	32.503	2.4	58.5	4.8	1.0	0.8	0.2
171120A	13:20:02	163.774	22.461	1.2	64	86	3	11.4	0.5
171115A	18:51:20	278.392	9.118	1.5	38.2	6.9	0.8	0.6	0.1
171103A	23:10:32	249.510	-10.206	1.5	3.90	3.8	0.4	3.6	0.3
171102B	15:20:29	288.096	22.434	2.1	17.8	9.3	1.4	1.2	0.4
171027A	08:23:06	61.683	-2.601	1.2	96.6	75	2	3.0	0.2
171020A	23:07:10	39.260	15.199	1.8	41.9	12	1	0.7	0.2
171011A	18:32:47	236.766	-10.064	1.0	2.27	11	1	7.0	0.4
171010B	20:59:24.168	34.123	-54.410	1.6	30.4	3.9	0.5	NA	NA
171007A	11:57:38	135.635	42.930	3.6	105	2.9	1.1	0.4	0.1
171004A	07:55:32	139.150	52.684	1.3	107.1	30	2	0.9	0.3
171001A	18:25:40	22.080	-11.928	2.2	22.8	6.4	0.8	0.9	0.2
170921A	14:28:48	26.840	30.880	1.8	28.9	6.7	0.8	0.8	0.2
170912B	06:33:46	215.464	-61.997	1.0	19.6	24	1	5.7	0.3
170912A	01:34:16	167.386	-54.343	2.1	21.9	11	1	2.0	0.4
170906C	07:26:17	128.659	70.805	1.0	48.4	88	3	7.2	0.5
170906B	00:55:46	232.221	-28.251	3	NA	NA	NA	NA	NA
170906A	00:43:11	203.949	-47.088	1.3	88.1	320	0	10.9	0.4
170903A	12:49:07	254.532	34.985	1.3	29.2	24	2	3.9	0.5
170827A	05:12:28	276.189	-40.202	1.9	94.0	14	1	0.4	0.2
170823A	22:16:48	188.713	35.549	1.0	69.4	26	1	3.7	0.2
170822A	09:11:51	94.375	55.000	2.1	64	64	4	4.2	0.7
170813A	01:13:16	201.057	-5.527	3.4	75.5	19	2	0.8	0.2
170810A	22:01:41	187.928	3.664	1.0	152.4	48	2	1.2	0.2
170807A	21:56:09	143.434	-17.348	1.5	48.5	8.6	0.8	1.4	0.2
170804A	12:01:37	6.404	-64.781	1.3	43.4	13	1	0.9	0.2
170803A	17:30:27	174.947	-16.312	1.0	3.82	9.8	0.4	6.5	0.3
170728B	23:03:19	238.019	70.111	2.3	47.7	6.2	1.1	1.21	0.24
170728A	06:53:28	58.901	12.169	2.1	1.25	0.71	0.14	1.1	0.2
170724A	00:48:44	150.057	-1.025	2.4	98.0	11	2	0.5	0.2
170714A	12:25:32	34.322	1.962	2.2	NA	28	3	0.4	0.2
170711A	22:20:25	45.782	47.845	1.0	31.3	14	1	4.8	0.2
170710B	08:10:06.251	43.122	42.679	1.0	54.4	24	1	1.2	0.2
170710A	00:45:44	231.851	-38.523	3.5	32.6	7.4	1.7	1.0	0.3
170705A	02:45:47	191.708	18.298	1.0	217.3	95	3	13.9	0.4
170629A	12:53:33	129.963	-46.585	1.3	34.4	26	2	4.1	0.6
170626A	09:37:23	165.409	56.479	1.0	12.94	82	2	23.6	0.6
170607A	23:21:33	7.358	9.225	1.0	NA	75	3	NA	NA
170604A	19:08:50	342.645	-15.406	1.4	26.70	51	4	4.2	0.9
170531B	22:02:09	286.901	-16.414	1.5	164.13	20	2	0.8	0.2
170531A	20:07:32	121.218	-14.017	2.4	26.74	7.5	1.2	NA	NA
170526A	13:35:08	4.723	1.277	2.4	7.9	1.6	0.4	0.3	0.2
170524B	10:40:40	90.864	-17.086	3	46.4	66	2	0.3	NA
170524A	19:49:15	319.488	48.603	2.0	0.10	0.37	0.06	0.5	0.1
170519A	05:10:02	163.429	25.374	1.5	216.4	11	2	0.7	0.1
170516A	12:49:20	41.543	-55.929	1.6	36.78	8.5	0.9	1.3	0.2
170428A	09:13:42	330.051	26.913	1.2	0.20	2.8	0.2	2.8	0.2
170419B	21:33:46	60.494	-15.121	1.4	77.2	19	2	2.4	0.2
170419A	13:26:40	79.854	-21.433	1.7	8.18	3.1	0.5	1.5	0.2
170405A	18:39:48	219.824	-25.236	1.3	164.7	37	3	NA	NA
170331A	01:40:46	323.778	-24.406	2.0	17.57	9.7	1.6	1.2	0.4
170330A	22:29:51	283.331	-13.458	1.6	144.73	56	3	4.5	0.3
170325A	07:56:57.95	127.483	20.526	2.0	0.3	0.88	0.13	1.1	0.2
170318B	15:27:52	284.229	6.335	3.7	160.0	5.5	1.9	0.1	0.1
170318A	12:11:56	305.662	28.408	1.2	133.7	37	3	1.2	0.3
170317A	09:45:59	93.087	50.500	1.0	11.94	13	1	3.5	0.3
170311A	08:08:42	280.539	-30.041	2.0	6.32	2.5	0.5	0.8	0.2
170307A	20:24:21	13.510	9.538	2.5	56.92	13	2	1.4	0.3
170306A	07:06:12	263.087	-44.765	2.4	17.8	8.3	1.4	1.3	0.4
170208B	22:33:38	127.145	-9.027	1.0	128.07	61	2	8.4	0.2
170208A	18:11:16	166.544	-46.786	1.4	7.45	15	1	5.4	0.6
170206B	21:57:25	271.784	11.175	2.2	13.36	3.2	0.6	0.4	0.2
170205A	12:39:09	262.157	-0.058	1.0	26.1	38	1	4.3	0.3
170203A	00:03:41	332.861	25.186	2.2	45.2	6.2	1.1	0.8	0.2
170202A	18:28:02	152.526	5.021	1.0	46.2	33	1	4.7	0.3
170131A	23:15:13	341.447	64.006	3	NA	NA	NA	NA	NA
170127B	15:13:28	19.997	-30.340	1.9	0.51	1.0	0.2	1.1	0.2
170127A	14:21:15	174.382	-45.827	2.4	62.26	5.2	1.0	0.3	0.2
170126A	11:30:42	263.623	-64.755	1.0	9.5	28	3	7.3	1.1
170115A	20:50:08	332.145	13.750	1.9	48.0	4.7	0.8	0.2	0.1
170113A	10:04:05	61.735	-71.933	1.3	20.66	6.7	0.7	1.1	0.1
170112A	02:02:00	15.232	-17.233	2.5	0.06	0.13	0.04	0.3	0.1
170111A	00:33:28	20.688	-32.541	2.1	29.9	8.1	1.1	0.9	0.2
170101A	02:26:01	267.089	11.642	1.1	2.43	60	2	54.4	2.0
161224A	22:13:34.64	204.820	-18.028	1.9	47.04	8.2	1.3	0.8	0.3
161220A	08:33:30	350.841	-47.480	2.0	6	1.7	0.3	0.5	0.1
161219B	18:48:39	91.717	-26.801	1.0	6.94	15	1	5.3	0.4
161218A	03:47:36	245.250	-4.113	1.0	7.1	67	1	17.6	0.5
161217A	01:27:34	150.658	52.344	2.1	18.2	1.9	0.4	0.4	0.1
161214B	17:20:10	3.857	7.342	1.0	24.8	21	1	2.2	0.2
161202A	23:12:52	356.904	19.652	1.0	NA	86	3	5.9	0.3
161129A	07:11:39	316.221	32.137	1.8	35.53	36	1	3.4	0.2
161117B	09:49:43	298.830	-67.681	1.5	152.51	60	2	6.0	0.3
161117A	01:35:36	322.053	-29.612	1.0	125.7	200	0.0	6.8	0.3
161113A	17:30:26	179.794	-5.316	1.0	42.60	15	1	1.4	0.2
161108A	03:32:33	180.776	24.905	1.9	105.1	11	1	0.6	0.1
161105A	04:53:02	120.198	-44.763	1.2	177.3	61	2	1.4	0.2
161104A	09:42:26	77.906	-51.447	1.8	0.1	0.31	0.05	0.6	0.1
161022A	02:43:40	128.988	54.366	2.1	7.3	7.5	1.0	1.6	0.4
161017A	17:51:51	142.770	43.125	1.0	216.3	53	2	2.8	0.2
161014A	12:31:22	332.626	7.467	1.5	18.3	19	2	2.9	0.6
161011A	05:54:54	245.687	8.313	2.4	4.3	2.3	0.4	0.9	0.3
161007A	21:25:43	103.408	23.289	1.6	201.7	13	2	0.4	0.1
161004B	23:07:59	112.156	-39.896	1.0	15.9	88	2	10.1	0.4
161004A	12:58:28	263.127	-0.947	2.2	2.15	0.95	0.16	1.3	0.33
161001A	01:05:16	71.923	-57.261	1.0	2.6	6.7	0.4	3.5	0.2
160927A	18:04:49	256.268	17.334	1.8	0.48	1.5	0.2	1.9	0.3
160917A	11:30:19	295.652	46.400	1.5	16	13	1	2.2	0.3
160912A	16:07:43	301.595	57.585	2.7	NA	37	3	1.6	0.2
160905A	11:18:58	162.249	-50.803	1.0	64	150	2	6.3	0.3
160827A	15:46:45	179.274	-29.178	2.4	13.3	4.0	0.7	0.7	0.2
160826A	06:12:38	183.120	-67.664	2.6	52.6	4.9	0.9	0.4	0.1
160824A	23:22:25	80.087	40.039	1.2	99.3	26	2	1.3	0.2
160821B	22:29:13	280.005	62.387	1.4	0.48	1.0	0.1	1.7	0.2
160821A	20:34:30	171.254	42.345	1.0	NA	72	2	2.8	0.6
160815A	11:45:11	288.616	84.298	1.0	8.6	14	1	4.7	0.4
160804A	01:32:47	221.652	10.002	1.3	144.2	114	3	2.9	0.3
160801A	09:28:30	212.763	13.485	1.8	2.85	1.7	0.3	1.2	0.2
160726A	01:34:07	98.809	-6.617	1.3	0.7	2.6	0.2	3.2	0.3
160716A	01:08:30	190.502	-61.364	2.0	6.39	1.8	0.3	0.8	0.2
160714A	02:19:15	234.490	63.809	2.7	0.35	0.69	0.16	1.1	0.3
160712A	19:53:36	304.166	-26.965	1.3	NA	26	2	2.4	0.4
160709A	19:49:03.464	235.996	-28.188	2.4	4.8	4.5	0.7	2.7	0.4
160705B	21:02:07	168.107	46.707	2.3	54.4	7.3	1.1	0.5	0.2
160703A	12:10:05	287.414	36.913	1.0	44.4	90	2	5.8	0.3
160630A	04:04:09	198.238	-56.029	1.4	29.50	12	1	1.2	0.2
160625A	22:40:31	176.939	-65.142	1.0	53.9	33	1	3.0	0.2
160624A	11:27:01	330.210	29.667	2.6	0.2	0.40	0.09	0.5	0.1
160612A	20:12:48	348.364	-25.375	3	NA	1.16	0.12	NA	NA
160611A	21:40:34	164.417	-70.396	1.2	34.1	17	1	2.0	0.3
160607A	11:14:00	13.661	-4.952	1.0	33.4	210	0	21.8	0.5
160601A	14:43:02	234.923	64.532	1.9	0.12	0.66	0.11	0.9	0.2
160525B	09:25:07	149.438	51.197	2.2	0.29	0.32	0.08	0.9	0.2
160525A	01:33:59	103.575	-0.199	3.4	NA	1.9	0.7	0.06	0.02
160519A	00:17:33	71.122	31.246	2.2	35.57	12	2	2.4	0.5
160506A	03:29:15	265.857	-46.127	1.6	254.5	15	2	0.4	0.3
160504A	19:30:37	170.073	56.002	1.7	53.9	7.3	0.9	0.7	0.1
160501A	00:40:31	286.389	-17.249	1.8	118	9.5	1.3	0.5	0.2
160425A	23:26:11	280.339	-54.343	3.5	304.58	21	2	2.8	0.2
160424A	11:49:07	319.482	-60.408	1.2	6.3	12	1	5.1	0.4
160419A	15:16:37	16.418	-27.341	1.0	8.8	35	2	8.9	0.7
160417A	04:23:41	120.260	7.646	1.9	15	5.9	0.8	1.0	0.3
160412A	04:23:54	33.074	-67.636	1.0	31.6	19	1	1.6	0.2
160411A	01:28:51	349.370	-40.258	2.4	0.36	0.80	0.18	1.5	0.3
160410A	05:09:48	150.695	3.461	1.5	8.2	7.8	0.8	3.5	0.3
160409A	05:54:14	289.705	-5.390	3	NA	NA	NA	NA	NA
160408A	06:25:43	122.561	71.128	1.8	0.32	1.6	0.2	2.1	0.3
160327A	09:16:07	146.698	54.018	1.0	28	14	1	1.8	0.2
160325A	07:00:03	15.697	-72.702	1.0	64.9	71	2	5.2	0.2
160321A	15:55:27	99.420	5.753	1.6	33.6	5.3	0.7	0.5	0.1
160314A	11:32:51	112.766	17.024	1.7	8.73	2.8	0.4	0.9	0.2
160313A	02:37:15	183.821	57.278	2.0	42.6	5.8	0.8	0.4	0.1
160303A	10:54:42	168.710	22.710	2.1	5.0	1.5	0.3	1.0	0.1
160228A	17:34:32	107.311	26.946	1.3	98.36	20	1	1.2	0.1
160227A	19:32:08	195.034	78.672	2.8	316.5	31	2	0.6	0.1
160225A	14:20:56	164.217	53.659	1.9	157	16	2	1.0	0.2
160223A	01:44:25	147.603	9.369	1.0	127	50	2	3.1	0.2
160220B	11:10:53	259.851	-18.123	1.0	31.4	70	2	6.6	0.4
160220A	01:25:25	236.942	-18.539	1.8	8.3	5.2	0.7	1.0	0.3
160216A	19:10:31	311.679	-71.550	1.0	11.0	20	1	7.3	0.5
160203A	02:13:10	161.967	-24.772	1.7	20.2	12	1	1.3	0.4
160131A	08:20:31	78.170	-7.037	1.1	325	204	5	6.4	0.3
160127A	08:43:07	225.966	0.080	1.8	6.16	3.3	0.5	1.4	0.3
160123A	08:58:20	150.277	-33.790	1.6	3.95	3.5	0.4	1.3	0.2
160121A	13:50:37	109.080	-23.590	1.2	12.0	6.1	0.5	1.2	0.2
160119A	03:06:08	211.916	20.453	2.0	116	71	2	2.9	0.2
160117B	13:59:27	132.190	-16.340	3	NA	NA	NA	NA	NA
160117A	10:13:39	20.367	-0.677	1.8	118.58	31	2	1.4	0.2
160104A	11:24:10	76.808	11.334	1.7	16.2	4.0	0.5	1.0	0.2
151229A	06:50:27	329.363	-20.732	1.0	1.78	5.9	0.4	7.2	0.4
151228B	22:47:14	344.431	8.081	1.0	48.0	24	1	1.0	0.2
151228A	03:05:12	214.017	-17.665	1.8	0.27	0.84	0.11	0.9	0.2
151215A	03:01:28	93.622	35.529	2.8	17.8	3.1	0.7	1.6	0.2
151210A	03:12:56	65.080	-71.225	1.8	94.9	13	2	0.8	0.2
151205B	21:43:14	41.190	-43.461	2.3	1.4	0.77	0.16	0.7	0.2
151205A	15:46:00	229.291	35.767	1.3	62.8	14	1	0.6	0.1
151127A	09:08:49	19.664	-82.762	2.8	0.19	0.23	0.06	0.4	0.1
151122A	17:00:40	299.704	-19.899	3	NA	NA	NA	NA	NA
151118A	03:06:30	57.169	65.889	1.4	23.4	4.5	0.6	1.2	0.1
151114A	09:59:34	120.947	-61.033	1.8	4.86	3.7	0.6	2.9	0.4
151112A	13:44:48	2.050	-61.680	2.6	19.32	9.4	1.2	1.9	0.2
151111A	08:33:23	56.850	-44.154	1.0	76.93	17	1	1.0	0.1
151107A	17:19:36	217.139	-59.680	2.7	NA	NA	NA	NA	NA
151031A	05:50:30	83.189	-39.125	1.3	5.00	3.2	0.3	1.7	0.2
151029A	07:49:39	38.537	-35.356	1.8	8.95	3.9	0.6	1.8	0.3
151027B	22:40:40	76.188	-6.428	2.4	80.00	15	3	NA	NA
151027A	03:58:24	272.498	61.361	1.1	129.69	78	2	6.8	0.6
151023A	13:43:04	271.012	-8.289	1.8	10.66	2.6	0.4	1.1	0.2
151022A	14:06:32	349.223	55.812	2.3	116.7	11	2	0.8	0.2
151021A	01:29:12	337.647	-33.189	1.0	110.2	280	10	9.7	0.8
151006A	09:55:01	147.426	70.508	1.0	203.9	69	2	2.6	0.2
151004A	18:09:04	213.613	-64.956	2.3	128.40	10	1	0.4	0.1
151001B	18:29:36	336.974	64.637	2.1	109	14	2	0.5	0.3
151001A	15:04:22	233.722	10.984	1.1	8.94	6.7	0.5	1.3	0.2
150925A	04:09:28	227.538	-19.640	2.0	121	14	2	0.6	0.2
150915A	21:18:24	319.675	-34.874	2.3	164.7	8.0	1.8	0.5	0.2
150911A	18:40:21	67.428	5.731	1.0	7.2	21	1	5.2	0.3
150910A	09:04:48	5.677	33.466	2.3	112.2	48	4	1.1	0.4
150907B	23:26:27	255.265	-63.798	1.8	62.0	11	2	1.0	0.2
150901A	15:26:35	183.609	25.076	2.7	64.0	4.5	1.3	NA	NA
150831B	22:19:27	271.030	-27.243	2.0	6.2	14	2	6.1	1.1
150831A	10:34:12	221.034	-25.619	1.3	1.15	3.8	0.3	3.4	0.3
150821A	09:44:00	341.913	-57.883	1.7	172.1	7.9	1.9	NA	NA
150819A	00:50:08	42.340	9.787	2.8	52.1	4.8	0.9	0.3	0.1
150818A	11:36:32	230.340	68.342	1.1	123.3	41	2	2.4	0.3
150817A	02:05:13	249.635	-12.050	1.0	38.8	59	1	9.6	0.3
150811A	04:06:09	291.347	-15.434	1.9	34.00	4.9	0.8	0.5	0.2
150801B	22:41:48	82.961	-5.374	1.4	426	31	2	2.5	0.2
150728A	12:51:11	292.271	33.906	2.6	0.83	0.33	0.1	0.5	0.1
150727A	19:02:02	203.968	-18.320	1.0	88	37	2	1.0	0.2
150724A	05:46:35	97.549	-19.147	1.9	280	22	2	0.9	0.2
150722A	09:57:53	218.297	-35.196	2.8	67	6.1	0.9	0.4	0.1
150720A	14:02:09	119.577	-28.281	1.5	151	5.6	1.0	0.3	0.1
150716A	07:06:43	278.481	-12.978	1.1	44	15	1	0.8	0.1
150711A	18:23:03	221.624	-35.464	1.0	64.2	43	2	3.8	0.4
150710B	08:05:35	83.191	-46.960	1.2	15	3.5	0.1	8.3	0.3
150710A	00:28:02	194.484	14.309	1.5	0.15	0.71	0.09	0.7	0.1
150626B	20:22:52	187.627	66.794	1.9	48.0	10	1	0.6	0.2
150626A	02:12:49	111.353	-37.803	1.9	144	18	2	0.4	0.3
150616A	22:49:19	314.713	-53.403	1.2	599.5	190	10	2.9	0.4
150615A	04:42:27	107.554	-22.466	1.8	27.6	5.5	0.7	0.6	0.2
150607A	07:55:09	140.015	68.436	1.2	26.3	23	2	4.9	0.5
150530B	13:28:38	7.496	44.290	3	NA	1.25	0.2	NA	NA
150530A	11:42:18	327.511	57.519	1.2	6.62	18	1	4.1	0.6
150527A	06:48:55	288.962	4.195	1.0	112	31	2	0.3	0.2
150513A	20:31:19	49.044	-22.868	1.0	162	54	2	2.9	0.3
150430A	00:21:28	326.481	-27.919	1.6	107.1	69	5	5.0	1.0
150428B	03:12:03	292.661	4.114	1.3	130.9	37	3	1.4	0.3
150428A	01:30:40	188.539	6.967	1.2	53.2	63	3	3.0	0.5
150424A	07:42:57	152.305	-26.646	1.0	91	15	1	12.0	0.4
150423A	06:28:04	221.601	12.264	1.9	0.22	0.63	0.10	0.9	0.1
150413A	13:54:58	190.396	71.839	1.9	263.6	43	4	1.6	0.3
150407A	00:31:10	216.603	38.541	3	NA	NA	NA	NA	NA
150403A	21:54:16	311.505	-62.706	1.0	40.90	170	3	17.6	-.6
150402A	00:37:46	173.658	40.992	2.5	14	NA	NA	NA	NA
150323C	17:05:21	192.625	50.165	2.4	159.4	13	3	1.1	0.3
150323B	09:28:38	260.447	38.316	1.5	 60	NA	NA	NA	NA
150323A	02:49:14	128.173	45.442	2.07	149.6	61	2	5.4	0.3
150318A	07:04:53	324.990	-61.461	1.2	83.88	25	2	1.1	0.2
150317A	04:22:42	138.995	55.477	1.7	23.29	6.5	0.6	1.2	0.2
150314A	04:55:16	126.661	63.839	1.0	14.79	220	3	38.5	0.9
150309A	23:03:06	277.004	86.417	1.9	242	170	0	9.0	0.3
150302A	05:42:36	175.515	36.852	2.8	23.74	2.6	0.6	0.4	0.1
150301B	19:38:04	89.159	-57.969	1.0	12.44	18	1	3.0	0.2
150301A	01:04:28	244.281	-48.732	1.9	0.48	0.74	0.10	1.0	0.2
150222A	16:56:40	198.787	-12.151	1.0	15.90	22	1	4.7	0.3
150213B	22:31:30	253.448	34.165	1.8	181	30	4	1.1	0.4
150212A	10:57:19	285.497	47.389	1.2	11.4	8.9	0.6	1.9	0.2
150211A	11:52:11	254.846	55.390	1.0	13.6	NA	NA	NA	NA
150206A	14:30:02	10.076	-63.181	1.0	83.2	139	3	10.1	0.4
150204A	06:31:08	160.241	-64.043	1.5	12	8.0	0.4	1.85	0.12
150203A	04:09:07	98.394	6.952	1.1	25.8	9.1	0.6	0.9	0.1
150202A	23:10:02	39.261	-33.132	1.7	25.7	6.1	0.7	1.0	0.2
150201A	13:46:59	11.820	-37.620	1.7	26.1	7.8	1.2	NA	NA
150120B	07:21:55	39.309	8.064	2.3	24.30	5.4	0.8	1.2	0.2
150120A	02:57:46	10.330	33.980	1.5	1.20	1.4	0.2	1.8	0.2
150110B	22:08:30	289.374	32.529	1.2	10.6	4.9	0.4	1.4	0.2
150103A	20:02:18	131.674	-48.896	2.0	49.1	8.2	1.3	0.5	0.2
150101B	15:23:00	188.044	-10.956	2.5	0.018	0.23	0.06	NA	NA
150101A	06:28:53	312.599	36.669	2.5	0.060	0.23	0.05	0.3	0.1
141225A	23:01:07	138.754	33.774	2.2	40.24	25	2	1.3	0.4
141221A	08:07:10	198.283	8.197	1.1	36.9	21	1	3.1	0.2
141220A	06:02:52	195.058	32.146	1.2	7.21	26	1	8.9	0.7
141212B	13:23:48	250.866	31.749	1.0	10.5	12	1	3.9	0.3
141212A	12:14:01	39.167	18.163	1.9	0.30	0.72	0.12	1.2	0.2
141205A	08:05:17	92.859	37.876	2	1.1	1.2	0.3	NA	NA
141130A	23:10:56	222.804	47.323	1.4	62.9	28	1	1.2	0.2
141121A	03:50:43	122.665	22.206	2.1	549.9	53	4	0.9	0.3
141109B	07:47:39	222.453	73.141	2.6	54.2	6.3	0.9	0.4	0.1
141109A	05:49:55	144.563	-0.581	3.0	200	68	3	2.5	0.2
141102A	12:51:40	208.614	-47.100	4	2.5	NA	NA	NA	NA
141031B	14:56:45	356.883	41.355	2.2	16.0	2.5	0.5	0.3	0.1
141031A	07:18:26	128.632	-59.160	1.4	920	29	5	0.5	0.2
141026A	02:36:51	44.049	26.925	1.9	146	13	1	0.4	0.2
141022A	01:27:42	241.930	-72.152	2.2	8.72	4.8	0.7	0.9	0.3
141020A	07:48:39	225.054	55.328	1.7	15.55	4.6	0.6	0.7	0.2
141017A	18:25:28	93.601	-58.596	2.1	55.7	31	1	6.7	0.3
141015A	09:12:59	87.535	18.370	2.2	11.0	1.6	0.4	0.5	0.1
141005A	05:13:06	291.103	36.098	1.7	4.34	11	1	4.2	0.8
141004A	23:20:54	76.721	12.828	1.0	3.92	6.7	0.3	6.1	0.3
140930B	19:41:42	6.360	24.298	1.6	0.84	4.2	0.4	4.0	0.4
140927A	05:15:11	291.802	-65.400	2.2	6.26	2.7	0.5	0.9	0.2
140919A	15:15:15	221.540	-32.153	1.5	151.3	59	4	2.0	0.5
140916A	10:43:47	40.384	-39.688	2.4	80.1	17	3	1.3	0.4
140909A	06:56:51	193.638	63.494	NA	NA	NA	NA	NA	NA
140907A	16:07:08	48.133	46.596	1.4	79.2	43	2	2.5	0.2
140903A	15:00:30	238.021	27.608	1.0	0.30	1.4	0.1	2.5	0.2
140901B	06:17:24	112.184	-29.209	2.0	10	9.5	1.3	NA	NA
140828A	06:54:14	142.029	14.569	1.3	18.8	13	1	2.2	0.3
140824A	08:40:28	206.627	33.285	1.7	3.09	1.9	0.2	1.2	0.2
140818B	18:44:16	271.168	-1.354	2.1	18.1	5.4	0.8	1.1	0.3
140817A	07:02:01	127.244	58.191	1.0	244	46	2	7.2	0.3
140730A	19:43:51	56.350	-66.580	2.1	41.3	2.8	0.5	0.5	0.1
140719B	20:49:35.68	39.731	-2.384	1.7	53.0	13	1	0.7	0.2
140719A	05:53:55.2	171.571	-50.115	2.4	48	4.3	0.8	0.2	0.1
140716A	10:27:57.3	108.133	-60.150	1.5	104	59	12	5.2	1.5
140713A	18:43:45	281.141	59.623	1.2	5.30	3.7	0.3	1.9	0.2
140710A	10:16:40	41.088	35.499	1.8	3.52	2.3	0.3	1.9	0.3
140709B	15:15:45	146.040	63.536	1.1	155.0	42	2	0.9	0.1
140709A	01:13:41	304.666	51.222	1.0	98.6	53	2	3.1	0.3
140706A	19:33:33	49.269	-38.058	1.1	48.3	20	1	1.8	0.2
140703A	00:37:17	13.010	45.102	1.6	67.1	39	3	2.8	0.6
140629A	14:17:30	249.017	41.897	1.8	42.0	24	2	4.2	0.4
140628A	13:35:37	40.672	-0.378	1.0	10.5	13	1	2.8	0.2
140626A	00:33:01	77.163	-82.625	1.5	16.4	3.6	0.5	0.7	0.1
140622A	09:36:04	317.153	-14.412	2.5	0.13	0.27	0.05	0.6	0.2
140619A	11:38:35	27.096	-39.249	1.8	233.9	210	4	4.6	0.2
140614C	20:06:56	147.423	71.945	3	NA	1.6	0.5	NA	NA
140614B	06:38:11	322.636	14.895	2.1	49.8	5.5	1.0	0.5	0.2
140614A	01:04:59	231.171	-79.110	2.4	720	13	4	NA	NA
140611A	03:51:04	349.939	-40.111	4	1.9	NA	NA	NA	NA
140610A	16:31:29	286.261	3.899	1.0	NA	NA	NA	1.4	0.2
140607A	17:13:31	86.373	18.904	1.9	109.9	22	3	0.9	0.4
140606A	10:58:13	201.799	37.599	2.4	0.34	0.51	0.10	0.5	0.1
140529A	09:28:06	228.810	-41.042	1.2	4.5	22	1	11.5	0.7
140521A	17:34:18	320.177	67.587	1.1	9.88	9.5	0.6	1.9	0.2
140518A	09:17:46	227.231	42.396	1.8	60.5	10	1	1.0	0.1
140516A	20:30:54	252.972	39.958	2.6	0.19	0.23	0.06	0.5	0.1
140515A	09:12:36	186.071	15.099	1.2	23.4	5.9	0.6	0.9	0.1
140512A	19:31:49	289.366	-15.087	1.1	154.8	140	3	6.8	0.3
140509A	02:22:13	46.564	-62.662	1.9	23.20	12	2	1.6	0.4
140506A	21:07:36	276.806	-55.556	1.6	111.1	28	3	10.9	0.9
140502A	08:30:20	319.172	48.975	1.2	16.9	6.7	0.5	0.9	0.1
140430A	20:33:36	102.942	23.033	1.0	173.6	11	2	2.5	0.2
140428A	22:40:50	194.365	28.331	2.2	17.42	3.4	0.6	0.6	0.2
140423A	08:31:53	197.276	49.838	1.0	134	94	3	2.1	0.2
140419A	04:06:51	127.001	46.234	1.0	94.7	160	0	4.9	0.2
140414A	06:06:29	195.310	56.902	4	0.7	1.22	0.10	NA	NA
140413A	00:09:40	65.439	-51.188	1.3	139.6	94	5	2.3	0.5
140412A	22:20:49	145.032	-65.826	1.7	39.6	7.2	0.8	1.1	0.2
140408A	13:15:54	290.723	-12.585	1.9	4.00	3.1	0.5	1.2	0.3
140402A	00:10:06	207.592	5.971	2.8	0.031	0.38	0.12	NA	NA
140331A	05:49:48	134.860	2.755	3.2	209	6.7	1.3	0.31	0.13
140323A	10:23:11	356.975	-79.916	1.0	104.9	160	0	6.2	0.7
140320A	02:12:45	281.843	-11.188	2.4	0.45	0.49	0.10	0.6	0.2
140318A	00:09:07	184.049	20.225	2.1	8.43	2.9	0.5	0.5	0.2
140311B	21:14:29	252.333	52.733	1.2	70	NA	NA	NA	NA
140311A	21:05:16	209.293	0.607	3.8	71.4	23	3	1.3	0.5
140305A	15:00:20	344.497	15.448	1.7	13.7	4.7	0.7	1.0	0.2
140304A	13:22:31	30.653	33.480	1.0	15.6	12	1	1.7	0.2
140302A	08:12:58	253.862	-12.875	1.1	87.5	27	1	1.7	0.2
140301A	15:24:49	69.521	-34.249	1.9	31.0	4.4	0.8	0.7	0.2
140215A	04:07:10	104.129	41.787	1.1	84.2	78	3	7.9	0.7
140213A	19:21:37	105.166	-73.136	1.0	60.0	120	0	23.5	0.8
140211A	12:23:03	124.233	20.237	1.4	89.4	18	1	0.7	0.2
140209A	07:30:57	81.328	32.488	1.0	21.3	41	2	38.1	1.1
140206A	07:17:20	145.321	66.762	1.0	93.6	160	3	19.4	0.5
140129B	12:51:09	326.764	26.215	2.1	1.36	0.71	0.14	0.9	0.2
140129A	03:23:59	37.851	-1.594	2.2	2.99	1.3	0.3	0.9	0.2
140118A	01:32:02	330.999	-17.937	1.5	84.15	26	2	1.9	0.3
140114A	11:57:40	188.498	27.942	1.9	139.7	32	1	0.9	0.1
140108A	17:18:42	325.129	58.749	1.0	94	70	2	6.1	0.3
140103A	00:30:43	232.114	37.752	1.7	17.3	6.0	0.7	2.1	0.3
140102A	21:17:37	211.915	1.332	1.0	65	77	2	29.8	0.6
131229A	06:39:24	85.236	-4.401	1.0	13.86	66	1	10.7	0.3
131227A	04:44:51	67.369	28.879	1.3	18.0	8.4	0.6	1.1	0.2
131226A	05:47:39	301.309	-64.943	1.0	7.20	40	1	10.4	0.4
131224B	03:25:08	163.722	-14.177	3	 9	2.6	0.3	NA	NA
131205A	09:18:38	131.573	-60.181	2.8	37.5	2.9	0.7	0.6	0.1
131202A	15:12:09	344.005	-21.650	2.6	30.4	6.1	1.0	0.7	0.2
131128A	15:06:24	355.305	31.293	1.6	3.00	3.2	0.4	2.7	0.3
131127A	10:11:35	332.714	36.596	1.8	92.1	19	2	1.3	0.2
131120A	14:37:56	278.937	-12.026	3.0	131	5.7	1.5	0.5	0.2
131117A	00:34:04	332.354	-31.761	1.8	11.00	2.5	0.4	0.7	0.1
131110A	11:53:11	69.268	-17.259	0.8	 100	35.3	1.0	NA	NA
131105A	02:04:44	70.973	-63.005	1.5	112.3	71	5	3.5	0.6
131103A	22:07:25	348.948	-44.645	1.8	17.3	8.2	1.0	1.5	0.3
131031A	11:33:31	29.618	-1.603	4	NA	NA	NA	NA	NA
131030A	20:56:18	345.074	-5.380	1.0	41.1	290	0	28.1	0.7
131024B	21:35:31	144.464	44.284	2.1	64.00	12	2	0.1	0.1
131024A	12:26:20	290.544	-64.599	2.0	112.00	12	1	0.3	0.1
131018A	12:47:48	98.473	-19.897	1.3	73.22	11	1	0.5	0.1
131004A	21:41:03	296.108	-2.952	1.1	1.54	2.8	0.2	3.4	0.2
131002B	10:54:28	75.135	-75.701	1.2	39.10	6.2	0.6	0.6	0.1
131002A	06:54:21	253.103	82.036	3.9	55.59	6.4	0.8	1.3	0.1
131001A	05:37:24	8.304	25.557	1.6	4.9	4.9	0.6	2.57	0.25
130929A	09:36:33	135.028	-47.554	1.6	11.10	6.9	0.8	1.7	0.3
130925A	04:11:24	41.186	-26.146	1.0	NA	410	10	7.3	0.6
130919A	11:07:24	207.281	-10.353	1.6	97.3	14	2	0.5	0.1
130913A	00:28:21	341.960	1.294	3.3	NA	1.3	0.4	NA	NA
130912A	08:34:57	47.606	13.999	1.6	0.28	1.7	0.2	2.2	0.3
130907A	21:41:13	215.898	45.602	1.0	NA	1400	10	25.6	0.5
130831B	13:48:19	192.454	-29.187	2.1	37.8	14	2	2.4	0.5
130831A	13:04:16	358.635	29.431	1.0	32.5	65	0.2	13.6	0.6
130829A	05:43:33	182.426	46.520	1.3	42.56	12	1	0.6	0.1
130822A	15:54:17	27.940	-3.219	3	NA	NA	NA	NA	NA
130816B	04:53:38	170.049	-57.527	1.6	10.00	2.7	0.4	0.9	0.1
130816A	01:46:55	197.093	-58.996	2.6	29.97	4.3	1.0	1.5	0.2
130812A	22:22:52	92.387	-13.285	1.0	7.6	5.9	0.3	2.8	0.2
130807A	10:25:43	269.801	-27.616	1.7	NA	12	2	0.4	0.1
130806A	02:51:33	35.907	67.525	1.6	6.1	1.7	0.2	1.3	0.1
130803A	10:02:52	220.256	-2.499	1.1	44	15	1	5.1	0.4
130727A	16:45:19.52	330.790	-65.540	1.0	13.57	38	1	7.0	0.3
130725B	17:39:28	214.233	-11.124	1.2	10.0	3.9	0.4	2.2	0.2
130725A	11:37:11	230.060	0.624	2.5	101.8	9.7	1.7	0.6	0.2
130722A	08:19:19	260.670	-2.979	3	NA	NA	NA	NA	NA
130719A	05:47:49	89.038	-11.591	1.9	177.7	23	2	0.6	0.2
130716A	10:36:53	179.581	63.057	2.5	NA	NA	NA	NA	NA
130708A	11:43:03.7	17.474	0.003	2.4	9	78	18	NA	NA
130701A	04:17:43	357.224	36.100	1.0	4.38	44	1	17.1	0.7
130627B	12:00:50	181.914	-55.706	1.8	28.6	6.1	0.8	0.8	0.2
130627A	08:55:03	184.415	-37.114	2.8	30.8	9.1	1.9	1.8	0.5
130626A	10:51:03	273.128	-9.525	1.8	0.16	0.52	0.08	0.9	0.2
130625A	07:00:39	343.336	82.171	1.3	38.1	18	1	1.2	0.2
130623A	11:42:44.7	20.723	-77.784	4	15	5.4	1.1	1.4	0.3
130615A	09:44:45	274.963	-68.161	2.9	304	21	3	0.7	0.2
130612A	03:22:22	259.771	16.729	2.0	4.0	2.3	0.5	1.7	0.3
130610A	03:12:13	224.414	28.187	2.4	46.4	25	1	1.7	0.2
130609B	21:38:40	53.776	-40.168	1.0	210.6	160	0	8.5	0.4
130609A	03:05:08	152.680	24.124	1.2	7.0	5.7	0.4	1.8	0.2
130608A	23:14:21	24.597	41.492	2.5	151.38	9.0	1.9	0.6	0.3
130606A	21:04:39	249.390	29.796	2.0	276.58	29	2	2.6	0.2
130605A	23:41:42	134.536	-33.477	1.7	12.6	26	3	4.1	0.9
130604A	06:54:26	250.166	68.225	1.1	37.7	14	1	0.8	0.2
130603B	15:49:14	172.222	17.063	1.0	0.18	6.3	0.3	6.4	0.3
130603A	05:59:32	86.859	82.910	1.6	76	19	1	0.8	0.1
130529A	11:15:25	24.274	-64.143	1.9	128	14	2	0.5	0.1
130528A	16:41:23	139.405	87.300	1.0	59.4	51	2	3.0	0.2
130527A	14:21:30	309.282	-24.726	1.1	44	120	4	20.1	1.4
130521A	22:49:16	87.568	14.470	1.6	11.0	4.2	0.5	1.9	0.2
130518B	10:50:38	321.555	-20.148	1.8	NA	8.0	NA	NA	NA
130518A	13:55:07.4	355.671	47.478	2.9	NA	NA	NA	NA	NA
130515A	01:21:17	283.436	-54.283	1.6	0.29	1.5	0.2	1.4	0.2
130514A	07:13:41	296.278	-7.974	1.0	204	91	2	2.8	0.3
130511A	11:30:47	196.654	18.709	2.3	5.43	2.2	0.4	1.3	0.2
130508A	17:08:53	305.351	34.966	2.2	42	6.6	1.0	0.7	0.2
130505A	08:22:28	137.060	17.485	1.5	88	210	10	30.0	3.1
130504A	02:05:34	272.459	-16.320	1.7	50	10	1	0.9	0.2
130502A	17:50:30	138.579	-0.134	1.8	3.0	3.8	0.4	2.9	0.3
130427B	13:20:41	314.900	-22.548	1.4	27.0	15	1	3.0	0.4
130427A	07:47:57	173.150	27.706	1.0	162.83	3100	30	331.0	4.6
130420B	12:56:31	183.095	54.376	1.1	10.2	6.0	0.5	1.4	0.1
130420A	07:28:29	196.118	59.421	1.0	123.5	71	3	3.4	0.2
130419A	13:30:29	355.278	9.900	2.6	75.7	7.8	1.4	0.3	0.2
130418A	19:00:53	149.045	13.674	1.9	NA	18	2	0.6	0.2
130408A	21:51:38	134.398	-32.363	2.2	28	23	4	4.9	1.0
130327A	01:47:34	91.984	55.732	2.2	9.0	2.3	0.5	0.9	0.2
130315A	12:45:32	157.541	-51.794	1.3	233.4	49	2	1.0	0.2
130313A	16:08:11	236.438	-0.355	2.6	0.26	0.31	0.07	0.5	0.1
130306A	23:51:01	279.475	-11.682	1.6	NA	NA	NA	7.3	0.8
130305A	11:39:16	116.774	52.037	1.8	NA	48	18	NA	NA
130216B	18:58:12	58.866	2.036	1.5	3.7	13	3	7.4	0.6
130216A	22:15:24	67.901	14.670	1.0	6.5	30	1	6.5	0.3
130215A	01:31:30	43.486	13.387	1.5	65.7	54	5	2.5	0.7
130211A	03:36:32	147.524	-42.330	2.1	25.1	6.4	1.0	0.7	0.2
130206A	19:36:28	140.387	-58.193	1.9	128.0	20	2	0.3	0.2
130131B	19:10:08	173.957	15.033	1.7	4.30	3.4	0.4	1.0	0.2
130131A	13:56:22	171.091	48.064	2.1	51.6	3.1	0.6	0.7	0.1
130122A	23:44:09	194.307	59.003	3.0	64	7.4	1.1	0.4	0.1
130102A	18:10:53	311.435	49.838	2.3	77.5	7.2	0.9	0.4	0.1
121229A	05:00:21	190.095	-50.588	2.8	NA	4.6	1.3	0.1	0.0
121226A	19:09:43	168.620	-30.413	2.0	1.00	1.4	0.2	1.6	0.3
121217A	07:17:47	153.708	-62.354	1.0	778	62	3	1.8	0.1
121212A	06:56:13	177.787	78.052	2.1	6.8	1.2	0.3	0.7	0.1
121211A	13:47:02	195.575	30.173	4.9	182	13	2.67	1.0	0.3
121209A	21:59:11	326.800	-8.232	1.7	42.7	29	1	3.4	0.3
121202A	04:20:05	256.790	23.942	1.2	20.1	12	1	1.2	0.2
121201A	12:25:42	13.473	-42.929	2.3	85	7.8	1.0	0.8	0.1
121128A	05:05:37	300.589	54.301	1.0	23.3	69	4	12.9	0.4
121125A	08:32:27	228.519	55.318	1.2	52.2	47	1	2.9	0.2
121123A	10:02:41	307.334	-11.873	1.8	317	150	10	2.6	0.2
121117A	08:50:56	31.617	7.432	1.1	30	14	2	1.1	0.1
121108A	17:47:39	83.216	54.520	2.2	89	9.6	1.2	1.6	0.2
121102A	02:27:02	270.896	-16.951	1.0	24.7	19	1	2.3	0.2
121031A	22:50:30	170.772	-3.513	1.0	226	78	2	2.4	0.2
121028A	05:04:31	271.903	-2.298	1.5	3.8	3.7	0.4	1.9	0.3
121027A	07:32:29	63.598	-58.839	1.0	62.6	20	1	1.3	0.2
121024A	02:56:12	70.481	-12.255	1.7	69	11	1	1.3	0.2
121017A	19:23:28	288.820	-1.602	1.5	4.2	6.6	0.7	3.3	0.4
121014A	20:11:56	166.645	-29.105	2.0	80.0	11	1	0.3	0.2
121011A	11:15:30	260.204	41.123	1.8	75.6	27	7	1.2	0.3
121001A	18:23:02	276.029	-5.667	2.4	147	17	2	0.5	0.1
120927A	22:40:46	136.606	0.420	1.0	43	26	3	1.6	0.2
120923A	05:16:06	303.781	6.255	2.1	27.2	3.2	0.8	0.6	0.1
120922A	22:30:28	234.758	-20.181	1.2	173	62	7	2.0	0.2
120918A	11:16:10	181.042	-32.762	1.1	25.1	37	6	4.5	0.5
120913B	23:55:58	213.660	-14.508	1.0	126	111	2	3.2	0.2
120913A	20:18:21	146.400	26.959	1.2	30.1	8.7	0.8	2.3	0.2
120911A	07:08:33	357.966	63.090	1.6	17.8	11	1	2.7	0.3
120909A	01:42:03	275.735	-59.432	1.2	NA	68	2	1.8	0.3
120907A	00:24:23	74.736	-9.323	2.0	16.9	6.7	1.1	2.9	0.4
120819A	13:10:14	235.887	-7.304	2.9	71	14	2	0.8	0.3
120817B	04:02:29	8.310	-26.428	2.8	NA	1.7	0.4	NA	NA
120817A	06:49:42	250.692	-38.377	1.5	28.2	6.9	0.6	0.8	0.1
120816A	19:18:34	282.133	-6.981	2.5	7.6	4.3	1.0	2.1	0.5
120815A	02:13:58	273.976	-52.125	1.8	9.7	4.9	0.7	2.2	0.3
120811C	15:34:52	199.690	62.297	1.0	26.8	30	3	4.1	0.2
120811A	02:35:18	257.184	-22.735	2.6	166	11	1	1.0	0.1
120807A	07:09:37	241.273	-47.455	2.1	20.0	2.9	0.5	0.9	0.1
120805A	21:28:09	216.536	5.853	2.2	48.00	8.2	1.4	0.37	0.2
120804A	00:54:14	233.951	-28.768	1.0	0.81	8.8	0.5	10.8	0.6
120803B	11:06:06	314.223	53.298	1.0	37.5	25	5	1.5	0.2
120803A	07:22:16	269.531	-6.733	2.5	10.0	3.0	0.5	0.4	0.2
120802A	08:00:51	44.833	13.762	1.1	50	19	3	3.0	0.2
120729A	10:56:14	13.078	49.936	1.0	71.5	24	1	2.9	0.2
120728A	22:25:11	137.085	-54.437	1.4	22.06	24	2	2.4	0.5
120724A	06:39:02	245.193	3.535	2.1	72.8	6.8	1.1	0.6	0.2
120722A	12:53:26	230.489	13.249	3.4	42.4	12	2	1.0	0.3
120714B	21:18:46.57	355.412	-46.196	2.6	159	12	1	0.4	0.1
120714A	07:46:46	167.975	-30.625	1.6	16.2	8.2	0.9	1.5	0.3
120712A	13:42:27	169.598	-20.051	1.0	14.7	18	1	2.4	0.2
120711B	03:11:02.58	331.710	59.996	3.2	60	5.6	1.2	0.4	0.1
120703A	17:25:22	339.353	-29.726	1.0	25.2	35	1	10.5	0.4
120701A	NA	80.338	-58.531	1.3	13.8	14	1	1.6	0.2
120630A	NA	352.300	42.495	2.7	0.6	0.61	0.14	0.7	0.2
120624B	22:19:51	170.886	8.933	1.0	NA	283	4	5.5	0.2
120612A	02:05:19	126.723	-17.598	1.7	90	13	1	0.5	0.2
120521C	23:22:07	214.288	42.144	1.0	26.7	11	1	1.9	0.2
120521B	09:07:48	197.016	-52.742	1.6	31.4	15	1	0.9	0.2
120521A	05:59:42	148.692	-49.422	1.7	0.45	0.78	0.11	0.9	0.1
120514A	01:12:49	283.002	-4.258	1.1	164.4	28	2	1.9	0.2
120422A	07:12:03	136.915	13.974	2.0	5.35	2.3	0.4	0.6	0.2
120404A	12:51:02	235.002	12.883	1.2	38.7	16	1	1.2	0.2
120403B	20:33:56	54.302	-89.029	2.4	7.3	2.1	0.4	0.9	0.2
120403A	01:05:23	42.458	40.489	2.3	1.25	1.0	0.2	1.1	0.2
120401A	05:24:15	58.057	-17.658	2.5	NA	9.1	1.4	0.12	0.04
120328A	03:06:19	241.607	-39.322	1.8	24.2	4.7	0.6	0.7	0.1
120327A	02:55:16	246.854	-29.415	1.1	62.9	36	1	3.9	0.2
120326A	01:20:29	273.906	69.248	1.0	69.6	26	3	4.6	0.2
120324A	05:59:11	291.081	24.140	1.1	118	101	3	5.9	0.2
120320A	11:56:15	212.517	8.682	1.6	25.74	5.9	1.6	0.5	0.2
120312A	16:06:28	251.812	23.881	2.1	14.2	5.7	0.8	1.3	0.3
120311B	15:08:10	258.551	-13.068	1.3	28.2	10	1	1.5	0.2
120311A	05:33:38	273.075	14.297	1.1	3.5	3.0	0.3	3.2	0.2
120308A	06:13:38	219.123	79.674	1.3	60.6	12	1	06	0.1
120305A	19:37:30	47.549	28.495	1.0	0.10	2.0	0.1	2.2	0.2
120302A	01:55:39	122.426	29.642	2.3	NA	6.6	1.3	0.6	0.3
120229A	14:35:11	20.033	-35.796	1.9	0.22	0.41	0.07	0.5	0.1
120224A	04:39:56	40.937	-17.779	2.4	8.13	2.4	0.5	0.9	0.2
120219A	14:30:08	129.862	51.006	2.2	90.5	5.4	1.4	0.3	0.1
120218A	00:49:22	319.7641	-25.4626	1.9	27.5	53	4	9.1	1.2
120215A	00:41:15	30.057	8.790	2.3	26.5	4.0	0.6	0.6	0.1
120213A	00:27:19	300.987	65.413	1.0	48.9	19	1	1.7	0.1
120212A	09:11:22	43.086	-18.043	1.6	5.52	5.1	0.6	2.1	0.3
120211A	11:58:28	87.781	-24.795	2.1	61.7	8.1	1.2	0.5	0.2
120121A	09:42:19	249.363	-23.963	1.4	26.1	11	1	0.7	0.2
120119A	04:04:30.21	120.029	-9.076	1.0	253.8	170	0	10.3	0.3
120118B	17:00:21	124.862	-7.178	1.3	23.26	18	1	2.2	0.3
120116A	18:06:28	16.240	33.927	1.0	41.0	29	1	4.1	0.3
120114A	16:20:09	317.9043	57.0358	2.3	NA	NA	NA	NA	NA
120106A	14:16:24	66.129	64.050	1.3	61.6	9.7	1.1	1.5	0.2
120102A	02:15:55	276.224	24.713	1.0	38.7	43	1	10.3	0.4
111229A	22:37:52	76.561	-84.687	2.7	25.4	3.4	0.7	1.0	0.2
111228A	15:44:43	150.063	18.284	1.4	101.20	85	2	12.4	0.5
111225A	03:50:37	13.158	51.573	1.3	106.8	13	1.2	0.7	0.1
111215A	14:04:08	349.582	32.440	4.2	796	45	5	0.5	0.2
111212A	09:23:07	310.442	-68.585	1.8	NA	14	2	0.8	0.3
111210A	14:37:03	191.493	-7.173	1.7	2.52	1.6	0.2	1.0	0.1
111209A	07:12:08	14.350	-46.799	1.0	NA	360	10	0.5	0.1
111208A	08:28:11	290.2151	40.6686	2.2	NA	9.8	1.8	1.3	0.7
111207A	14:16:59	92.924	-39.504	NA	3	NA	NA	NA	NA
111204A	13:37:28	336.651	-31.414	2.2	48.0	4.7	0.9	0.3	0.2
111201A	14:22:45	190.4854	32.9935	2.1	NA	4.6	0.8	1.1	0.3
111129A	16:18:14	307.415	-52.722	2.3	7.6	1.8	0.4	0.9	0.2
111126A	18:57:42	276.057	51.461	3	0.8	0.7	0.2	NA	NA
111123A	18:13:21	154.845	-20.639	1.1	290.0	73	3	0.9	0.1
111121A	16:26:24	154.746	-46.670	1.1	119	22	2	7.1	0.3
111117A	12:13:41	12.702	23.021	NA	0.47	1.40	0.18	1.35	0.20
111109A	02:57:46	118.248	-41.588	1.9	13.0	2.4	0.4	0.5	0.1
111107A	00:50:24	129.487	-66.520	1.2	26.6	8.8	0.8	1.2	0.2
111103B	10:59:03	265.691	1.605	1.0	167	80	2	7.2	0.3
111103A	10:35:13	327.111	-10.532	1.1	11.6	14	1	3.1	0.3
111029A	09:44:40	44.785	57.101	1.2	7.6	3.9	0.4	1.5	0.2
111026A	06:47:29	244.256	-47.435	1.8	3.62	1.7	0.2	1.1	0.1
111022B	17:13:04	108.927	49.663	2.0	79.1	9.0	1.2	0.4	0.3
111022A	16:07:04	275.871	-23.666	1.0	24.7	20	1	2.5	0.2
111020A	06:33:49	287.029	-38.031	2.1	0.40	0.65	0.10	0.9	0.2
111018A	17:26:24	271.482	-3.880	2.0	36	4.0	0.7	0.4	0.1
111016A	18:37:04	153.826	27.474	2.2	550	40	3	0.9	0.2
111008A	22:12:58	60.439	-32.708	1.2	63.46	53	3	6.4	0.7
111005A	08:05:14	223.315	-19.722	2.1	26	6.2	1.1	1.1	0.3
110928A	01:51:31	257.745	36.547	2.3	26.7	6.9	1.1	0.9	0.3
110921A	13:51:20	294.094	36.355	1.7	48.00	24	2	0.2	0.4
110915A	13:20:44	310.830	-0.713	1.2	78.76	57	2	3.3	0.2
110827A	00:01:52	164.059	53.817	2.2	8.5	1.8	0.3	0.4	0.1
110820A	17:38:27	343.203	70.298	2.1	256	8.2	1.5	0.4	0.1
110818A	20:37:49	317.373	-63.981	1.4	103	40	2	1.6	0.3
110808A	06:18:54	57.322	-44.177	2.7	48	3.3	0.8	0.4	0.2
110801A	19:49:42	89.415	80.958	1.1	385	47	3	1.1	0.2
110731A	11:09:30	280.513	-28.536	1.0	38.8	60	1	11.0	0.3
110726A	01:30:40	286.713	56.070	1.7	5.2	2.2	0.3	1.0	0.2
110719A	06:09:11	24.570	34.578	1.8	41.0	18	2	1.3	0.3
110715A	13:13:50	237.665	-46.237	1.0	13.0	118	2	53.9	1.1
110709B	21:32:39	164.668	-23.470	1.1	55.6	94	2	3.4	0.3
110709A	15:24:29	238.895	40.918	1.0	44.7	100	2	6.2	0.2
110625A	21:08:28	286.751	6.755	1.3	44.5	280	10	49.5	2.4
110610A	15:21:32	308.205	74.827	1.0	46.4	49	1	4.2	0.2
110530A	15:31:02	282.045	61.953	2.3	19.6	3.3	0.5	0.4	0.1
110521A	15:51:31.4	120.132	45.818	1.8	13.8	4.4	0.5	0.5	0.1
110520A	20:28:48	134.363	56.418	1.1	15.7	11	1	1.1	0.2
110519A	02:12:16	261.638	-23.426	1.0	27.2	40	1	4.6	0.3
110503A	17:35:45	132.799	52.211	1.0	10.0	100	4	1.35	0.06
110422A	15:41:55	112.057	75.100	1.0	25.9	410	10	30.7	1.0
110420B	22:42:11	320.045	-41.277	2.2	0.084	0.53	0.11	0.7	0.2
110420A	11:02:24	2.164	-37.877	1.0	11.8	59	2	14.0	0.9
110414A	07:42:14	97.876	24.349	1.6	152.0	35	3	1.1	0.3
110412A	07:33:21	133.491	13.488	1.9	23.4	18	2	2.0	0.4
110411A	19:34:11	291.427	67.706	1.0	80.3	33	2	1.3	0.2
110407A	14:06:41	186.022	15.726	1.5	145	17	2	1.73	0.12
110402A	00:12:57	197.432	61.247	1.7	60.9	34	4	4.1	0.7
110319B	19:34:02	326.088	-56.774	1.0	14.5	10	1	1.25	0.15
110319A	02:16:41	356.510	-66.008	1.0	19.3	14	1	2.2	0.2
110318B	15:27:09	211.691	-51.577	1.7	4.8	2.9	0.3	0.7	0.1
110318A	13:14:19	338.292	-15.278	1.0	16.0	49	2	8.0	0.5
110315A	23:57:04	279.205	17.537	1.0	77	41	2	1.7	0.2
110312A	17:55:37	157.500	-5.259	2.3	28.7	8.2	1.3	1.2	0.3
110305A	06:38:01	260.877	-15.810	1.9	12.0	8.0	1.0	1.2	0.3
110223B	21:25:48	150.340	-68.329	2.0	54.0	6.1	0.8	0.6	0.1
110223A	20:56:59	345.386	87.586	2.5	7.0	1.6	0.4	0.6	0.2
110213A	05:17:29	42.978	49.278	1.4	48.0	59	4	1.6	0.6
110212A	01:09:08	69.025	43.716	1.4	3.3	2.4	0.3	1.5	0.2
110210A	09:52:41	13.108	7.778	3.2	233	9.6	1.9	0.3	0.1
110208A	21:10:46	22.487	-20.561	1.8	37.4	2.7	0.6	0.6	0.1
110207A	11:17:20	12.540	-10.790	1.3	80.3	16	1	1.1	0.1
110205A	02:02:41	164.603	67.533	2.2	257	170	0	3.6	0.2
110201A	09:35:08	137.489	88.610	1.3	13.0	7.0	0.5	1.1	0.1
110128A	01:44:33	193.871	28.108	2.3	30.7	7.2	1.4	0.8	0.2
110119A	22:20:58	348.589	5.982	1.5	208	70	2	2.2	0.1
110112A	04:12:18	329.936	26.470	2.6	0.5	0.30	0.09	0.5	0.2
110107A	21:15:51	299.890	41.889	3	NA	58	5	NA	NA
110106B	21:26:17	134.155	47.005	1.2	24.8	20	1	2.1	0.3
110106A	15:25:16	79.295	64.199	2.0	4.3	3.0	0.5	1.9	0.3
110102A	18:52:25	245.877	7.617	1.8	264	165	3	8.4	0.3
101225A	18:37:45	0.2037	44.5739	3.6	1088.0	19	4	NA	NA
101224A	05:27:13	285.939	45.706	2.1	0.2	0.58	0.11	0.7	0.2
101219B	16:27:53	12.259	-34.556	3.9	34	21	4	0.6	0.3
101219A	02:31:29	74.586	-2.527	1.0	0.6	4.6	0.3	4.1	0.2
101213A	10:49:23	241.297	21.905	1.1	135	50	2	2.2	0.4
101204A	23:53:29	167.548	-20.434	NA	NA	12	4	NA	NA
101201A	10:01:48	1.955	-16.196	2	NA	NA	NA	NA	NA
101129A	15:39:31	155.921	-17.645	3	0.35	 0.9	 0.5	NA	NA
101117B	19:13:23	172.991	-72.651	1.1	5.2	11	1	4.5	0.3
101114A	00:32:50	303.193	14.029	1.8	NA	8.0	0.8	1.8	0.3
101030A	15:56:29	166.390	-16.389	1.1	92.0	20	1	0.9	0.1
101024A	11:39:29.82	66.465	-77.261	1.1	18.7	15	1	5.5	0.2
101023A	22:50:12	317.949	-65.389	1.4	80.8	270	10	NA	NA
101020A	23:40:41	189.607	23.129	3.4	175.0	26	3	0.5	0.2
101017A	10:32:47	291.377	-35.141	1.0	70.0	180	10	9.4	0.4
101011A	16:58:35	48.274	-65.990	1.2	71.5	14	1	1.3	0.2
101008A	16:43:15	328.882	37.060	2.1	104	11	2	1.6	0.2
100928A	02:19:52	223.037	-28.542	2.3	3.3	3.5	0.6	2.5	0.5
100924A	03:58:08	0.672	7.004	1.0	96.0	83	3	1.5	0.3
100917A	05:03:25	289.250	-17.120	2.1	66	8.6	1.2	0.6	0.2
100915A	01:31:05	315.664	65.676	2.0	200	15	2	0.5	0.3
100906A	13:49:27	28.697	55.634	1.0	114.4	120	0	10.1	0.4
100905A	15:08:14	31.542	14.919	1.7	3.4	1.7	0.2	0.6	0.1
100904A	01:33:43	172.907	-16.185	1.8	31.3	13	1	1.6	0.3
100902A	19:31:54	48.626	30.970	1.3	428.8	32	2	1.0	0.1
100901A	13:34:10	27.252	22.751	3.5	439	21	3	0.8	0.2
100823A	17:25:35	20.706	5.848	1.4	16.9	4.1	0.4	1.0	0.1
100816A	00:37:51	351.738	26.568	1.0	2.9	20	1	10.9	0.4
100814A	03:50:11	22.479	-17.990	1.0	174.5	90	2	2.5	0.2
100807A	09:13:13	55.283	67.665	1.9	7.9	3.4	0.5	1.8	0.2
100805A	04:12:42	299.846	52.618	2.0	15.0	5.1	0.8	0.7	0.2
100802A	05:45:36	2.482	47.752	1.1	487	36	2	0.9	0.1
100728B	10:31:55	44.051	0.296	1.5	12.1	17	1	3.5	0.5
100728A	02:18:24	88.753	-15.259	1.0	198.5	380	0	5.1	0.2
100727A	05:42:17	154.187	-21.417	1.6	84	12	1	1.2	0.1
100725B	11:24:34	290.029	76.955	1.2	200	68	2	2.4	0.1
100725A	07:12:52	166.468	-26.667	1.2	141	20	1	0.7	0.1
100724A	00:42:19	194.569	-11.095	1.7	1.4	1.6	0.2	1.9	0.2
100719A	03:30:57	112.319	-5.857	2.4	36.0	5.3	0.9	0.6	0.2
100704A	03:35:08	133.639	-24.202	1.0	197.5	60	2	4.3	0.2
100702A	01:03:47	245.693	-56.549	1.4	0.16	1.2	0.1	2.0	0.2
100628A	08:16:40	225.943	-31.653	2.1	0.036	0.25	0.05	0.5	0.1
100625A	18:32:28	15.796	-39.091	1.0	0.33	2.3	0.2	2.6	0.2
100621A	03:03:32	315.309	-51.102	1.0	63.6	210	0	12.8	0.3
100619A	00:21:07	84.618	-27.012	1.0	97.5	45	1	4.8	0.2
100615A	01:59:03	177.208	-19.483	1.0	39	50	1	5.4	0.2
100614A	21:38:26	263.534	49.232	1.6	225	27	2	0.7	0.2
100606A	19:12:41	350.617	-66.234	1.1	480	64	4	1.6	0.4
100526B	19:00:38	0.777	-37.913	3.0	64.0	4.7	0.9	0.1	0.1
100526A	16:26:10	230.792	25.623	2.0	102	25	2	0.7	0.3
100522A	03:45:52	6.990	9.397	1.0	35.3	21	1	7.1	0.3
100514A	18:53:58	328.821	29.170	3	NA	NA	NA	NA	NA
100513A	02:07:08	169.606	3.617	1.5	84	14	1	0.6	0.1
100508A	09:20:42	76.263	-20.744	2.2	52	7.0	1.1	0.4	0.2
100504A	19:20:59	255.575	-35.590	1.0	97.3	24	1	1.7	0.2
100427A	08:31:55	89.171	-3.461	2.5	NA	NA	NA	NA	NA
100425A	02:50:45	299.161	-26.463	2.4	37.0	4.7	0.9	1.4	0.2
100424A	16:32:42	209.453	1.512	1.5	104	15	1	0.4	0.1
100423A	00:34:59	136.471	21.487	1.0	NA	85	2	1.2	0.2
100420A	05:22:42	296.090	55.755	4.6	48	5.7	1.0	NA	NA
100418A	21:10:08	256.358	11.457	1.9	7.0	3.4	0.5	1.0	0.2
100413B	08:42:41	356.8264	51.2704	2	NA	4.3	0.4	NA	NA
100413A	17:33:28	266.223	15.835	1.5	191	62	2	0.7	0.1
100401A	07:07:31.9	290.813	-8.257	2	NA	NA	NA	2.4	NA
100324A	00:21:27	98.612	-9.735	2.5	 6	0.7	0.3	0.3	0.1
100316D	12:44:50	107.599	-56.275	3.0	NA	3.0	0.8	0.1	0.0
100316C	08:57:59	32.309	-67.992	2.0	9.3	1.8	0.3	0.4	0.1
100316B	08:01:36	163.499	-45.464	1.4	3.8	2.0	0.2	1.3	0.1
100316A	02:23:00	251.953	71.819	1.7	7.0	8.2	0.9	2.3	0.4
100305A	09:05:38	168.373	42.381	1.9	69.7	15	2	0.9	0.3
100302A	19:53:06	195.504	74.568	1.7	17.9	3.1	0.4	0.5	0.1
100224A	15:20:10	83.467	-7.994	3	NA	0.32	0.2	NA	NA
100219A	15:15:46	154.202	-12.555	2.5	18.8	3.7	0.6	0.4	0.1
100216A	10:07:00	154.263	35.524	3	NA	0.47	0.3	NA	NA
100213B	22:58:34	124.320	43.464	1.4	48.0	NA	NA	0.5	0.2
100213A	22:27:48	349.379	43.370	1.4	2.4	2.7	0.3	2.1	0.2
100212A	14:07:22	356.445	49.492	2.1	136	9.1	1.2	2.2	0.2
100206A	13:30:05	47.168	13.175	1.5	0.12	1.4	0.2	1.4	0.2
100205A	04:18:43	141.385	31.740	2.1	26.0	4.0	0.7	0.4	0.1
100203A	18:31:07	96.225	4.793	2	NA	NA	NA	NA	NA
100119A	18:25:25	299.308	-53.149	1.3	23.8	140	0	7.7	1.0
100117A	21:06:19	11.280	-1.586	1.7	0.3	0.93	0.13	2.9	0.4
100115A	11:15:19	3.333	-0.817	4	 3	NA	NA	NA	NA
100111A	04:12:49	247.029	15.539	1.2	12.9	6.7	0.5	1.9	0.2
091221	20:52:52	55.798	23.243	1.4	68.5	57	2	3.0	0.2
091208B	09:49:57	29.411	16.881	1.2	14.9	33	2	15.2	1.0
091208A	08:46:00	0.295	65.680	1.1	29.1	15	1	1.8	0.2
091130B	17:59:04	203.149	34.086	1.3	112.5	13	1	1.1	0.2
091127	23:25:45	36.581	-18.948	1.2	7.1	90	3	46.5	2.7
091112	17:41:21	257.751	-36.729	1.5	17	21	4	1.9	0.5
091109B	21:49:03	112.750	-54.092	1.2	0.3	1.9	0.2	5.4	0.4
091109A	04:57:43	309.252	-44.177	2.1	48	16	2	1.3	0.4
091104	08:49:22	208.723	47.391	2.6	99.3	7.7	1.2	0.4	0.1
091102	14:34:38	72.622	-72.527	1.2	6.6	5.2	0.4	1.4	0.2
091029	03:53:22	60.166	-55.954	1.0	39.2	24	1	1.8	0.1
091026	13:11:30	276.657	-86.113	1.1	41.6	18	1	2.2	0.3
091024	08:56:01	339.240	56.885	1.0	109.8	61	3	2.0	0.3
091020	21:36:44	175.727	50.977	1.0	34.6	37	1	4.2	0.3
091018	20:48:19	32.191	-57.546	1.0	4.4	14	1	10.3	0.4
090929B	10:09:07	117.712	-0.645	1.4	360	59	3	3.3	0.2
090927	10:07:16	343.929	-70.973	1.6	2.2	2.0	0.3	2.0	0.2
090926B	21:55:48	46.310	-38.997	1.0	109.7	73	2	3.2	0.3
090916	07:00:44	126.582	25.941	2.7	63.4	9.5	1.8	1.9	0.3
090915	15:35:36	237.990	15.480	3	8	5	2	0.8	0.3
090912	15:50:29	188.046	61.475	1.2	144.0	45	3	1.0	0.1
090904B	01:24:18	264.194	-25.219	1.2	47.0	110	0	5.3	0.9
090904A	01:01:06	100.855	50.235	3.0	122	30	2	1.9	0.2
090831C	21:30:25	108.294	-25.112	2.1	3.3	1.5	0.3	0.5	0.1
090827	19:06:26	18.435	-50.899	2.8	NA	40	20	NA	NA
090815C	23:21:39	64.490	-65.943	2.7	0.6	0.44	0.12	0.6	0.2
090814A	00:52:19	239.613	25.586	2.0	80	13	2	0.6	0.2
090813	04:10:43	225.065	88.571	1.3	7.1	13	1	8.5	0.6
090812	06:02:08	353.20	-10.609	1.0	66.7	58	2	3.6	0.2
090809	17:31:14	328.665	-0.083	2.0	5.4	3.4	0.5	1.1	0.2
090807	15:00:27	273.741	10.279	1.8	140.8	22	2	0.7	0.2
090728	14:45:45	29.644	41.632	1.9	59	10	2	1.0	0.3
090727	22:42:18	315.917	64.937	2.2	302	14	2	0.5	0.1
090726	22:42:27	248.681	72.866	1.7	67.0	8.6	1.0	0.7	0.2
090720	06:38:08	203.694	-10.335	3	NA	NA	NA	NA	NA
090715B	21:03:14	251.337	44.837	1.0	266	57	2	3.8	0.2
090715A	17:25:39	152.102	10.006	2.4	63	9.8	2.2	3.9	0.5
090712	03:51:05	70.097	22.525	1.6	145	40	3	0.9	0.2
090709B	15:07:42	93.522	64.081	1.8	27.2	15	2	2.1	0.4
090709A	07:38:34	289.944	60.728	1.0	89	257	3	7.8	0.3
090708	03:38:15	154.632	26.616	1.7	15.0	6.9	1.0	1.3	0.3
090628	21:20:12	237.038	-15.969	1.7	20.1	7.0	0.8	1.5	0.2
090621B	22:07:25	313.455	69.034	1.7	0.14	0.70	0.10	3.9	0.5
090621A	04:22:43	10.987	61.938	1.7	NA	NA	NA	NA	NA
090618	08:28:29	294.008	78.352	0.46	113.2	1050	10	38.9	0.8
090607	05:30:17	191.194	44.108	1.9	2.3	1.1	0.2	0.7	0.1
090531B	18:35:56	252.070	-36.015	2.1	80	7.1	0.9	1.25	0.1
090531A	01:45:17	178.672	7.824	1.1	32	13	1	1.3	0.2
090530	03:18:18	179.400	26.590	1.9	48	11	1	2.5	0.3
090529	14:12:35	212.446	24.450	2.0	NA	6.8	1.7	0.4	0.1
090520	01:37:16	11.613	-8.000	3	20	3.4	0.5	NA	NA
090519	21:08:56	142.317	0.190	2.0	64	12	1	0.6	0.2
090518	01:54:44	119.957	0.778	1.2	6.9	4.7	0.4	2.4	0.2
090516A	08:27:50	138.246	-11.848	1.5	210	90	6	1.6	0.2
090515	04:45:09	164.166	14.469	2.1	0.036	0.2	0.03	5.7	0.9
090510	00:23:00	333.552	-26.598	1.7	0.3	3.4	0.4	9.7	1.1
090509	05:10:03	241.422	-28.385	2.1	335	33	4	1.5	0.3
090429B	05:30:03	210.672	32.167	1.3	5.5	3.1	0.3	1.6	0.2
090429A	04:53:39	90.573	-52.389	1.7	188	10	2	0.6	0.1
090426	12:48:47	189.082	32.978	1.7	1.2	1.8	0.3	2.4	0.3
090424	14:12:09	189.531	16.829	1.0	48	210	0.0	71.0	2.0
090423	07:55:19	148.891	18.165	1.1	10.3	5.9	0.4	1.7	0.2
090422	03:35:16	294.746	40.398	2.0	8.5	2.3	0.4	1.7	0.2
090419	13:43:31	197.006	-75.615	2.1	450	25	2	0.4	0.1
090418B	08:59:02	225.910	17.224	1.91	65.0	160	NA	NA	NA
090418A	11:07:40	269.320	33.407	1.4	56	46	2	1.9	0.3
090417B	15:20:03	209.687	47.015	 1	 NA	23	2	0.3	0.1
090417A	13:17:23	34.993	-7.141	2.8	0.072	0.19	0.05	3.6	1.0
090410	16:57:52	334.956	15.419	1.8	165	56	2	1.9	0.1
090407	10:28:25	68.979	-12.684	2.2	310	11	2	0.6	0.1
090404	15:56:30	239.233	35.518	1.0	84	30	1	1.9	0.2
090401B	08:35:25	95.095	-8.963	1.0	183	100	0	23.1	0.5
090401A	00:00:59	350.920	29.762	1.0	112	110	0	10.9	0.5
090313	09:06:27	198.400	8.086	2.2	79	14	2	0.8	0.3
090309A	23:29:13	284.978	-25.274	2.3	3.0	1.3	0.3	0.9	0.2
090308A	18:01:23	183.545	-48.754	3.4	48	2.6	0.6	0.1	0.0
090307A	03:46:37	245.007	-28.647	3.3	22	2.6	0.6	0.2	0.1
090306B	23:07:02	231.204	-6.958	2.87	20.4	31	NA	2.5	NA
090305A	05:19:51	241.764	-31.572	2.3	0.4	0.75	0.13	1.9	0.4
090301A	06:55:55	338.142	26.639	1.0	41.0	230	3	18.7	0.6
090205	23:03:14	220.917	-27.848	2.0	8.8	1.9	0.3	0.5	0.1
090201	17:47:02	92.051	-46.604	1.0	83	300	10	14.7	1.0
090129	21:07:15	269.105	-32.793	1.0	17.5	21	1	3.7	0.2
090123	07:51:56	6.794	-23.503	1.5	131	29	2	1.7	0.3
090118	13:54:02	49.865	18.478	3.69	16	4.0	NA	NA	NA
090113	18:40:39	32.067	33.436	1.0	9.1	7.6	0.4	2.5	0.2
090111	23:58:21	251.656	0.067	1.4	24.8	6.2	0.6	0.9	0.2
090107A	04:48:04	302.409	4.744	2.4	12.2	2.3	0.5	1.1	0.2
090102	02:55:45	128.248	33.107	1.4	27.0	0.68	0.03	5.5	0.8
081230	20:36:12	37.330	-25.145	1.4	60.7	8.2	0.8	0.7	0.1
081228	01:17:40	39.477	30.833	2.3	3.0	0.89	0.18	0.6	0.1
081226A	01:03:37	120.478	-69.014	2.1	0.4	0.99	0.18	2.4	0.4
081222	04:53:59	22.748	-34.095	1.0	24	48	1	7.7	0.2
081221	16:21:11	15.801	-24.542	1.0	34	181	3	18.2	0.5
081211B	06:15:02	168.231	53.845	3.04	NA	6.1	NA	NA	NA
081211A	11:48:10	328.082	-33.818	2.3	3.5	1.3	0.3	0.8	0.2
081210	20:19:34	70.485	-11.263	1.0	146	18	2	2.5	0.2
081203B	13:57:11	228.789	44.427	3.04	23.4	21	NA	NA	NA
081203A	13:57:11	233.071	63.514	1.1	294	77	3	2.9	0.2
081128	17:18:44	20.800	38.123	1.0	100	23	2	1.3	0.2
081127	07:05:08	332.075	6.858	2.4	37	4.9	1.0	0.6	0.2
081126	21:34:10	323.526	48.714	1.0	54	33	1	3.7	0.2
081121	20:35:32	89.282	-60.612	1.4	14	41	3	4.4	1.0
081118	14:56:36	82.572	-43.305	1.6	67	12	1	0.6	0.2
081109A	07:02:06	330.798	-54.711	1.0	190	36	2	1.1	0.0
081104	09:34:42	100.500	-54.722	1.3	59.1	20	2	1.0	0.3
081102	17:44:39	331.178	52.991	1.1	63	23	2	1.4	0.3
081101	11:46:31	95.836	-0.112	1.7	0.20	0.62	0.10	3.6	0.5
081029	01:43:56	346.776	-68.179	2.2	270	21	2	0.5	0.2
081028A	00:25:00	121.893	2.305	1.2	260	37	2	0.5	0.1
081025	08:22:02	245.298	60.466	2.87	23	19	2	1.3	0.2
081024A	05:53:0	27.891	61.352	1.7	1.8	1.2	0.2	1.1	0.1
081022	14:23:48	226.584	12.409	1.4	160	25	2	0.6	0.1
081017	23:38:12	230.209	-32.790	2.3	320	14	2	0.07	0.01
081016B	19:47:14	14.582	-43.536	2.3	2.6	0.99	0.18	0.5	0.1
081012	13:10:23	30.184	-17.627	1.8	29	11	1	1.0	0.2
081011	00:28:50	220.363	33.548	2.3	9	1.6	0.3	0.4	0.1
081008	19:58:09	279.968	-57.433	1.1	185.5	43	2	1.3	0.1
081007	05:23:52	339.963	-40.146	1.5	10.0	7.1	0.8	2.6	0.4
080928	15:01:32	95.061	-55.176	2.3	280	25	2	2.1	0.1
080919	00:05:13	265.221	-42.375	1.9	0.6	0.72	0.11	1.2	0.2
080916B	14:44:47	163.632	69.061	2.1	32	6.3	0.9	0.6	0.2
080916A	09:45:20	336.289	-57.026	1.0	60	40	1	2.7	0.2
080915B	15:53:35	213.088	-11.491	1.0	3.9	9.9	0.6	8.5	0.3
080915A	00:02:49	17.911	-76.042	2.4	14	2.3	0.5	0.5	0.1
080913	06:46:54	65.741	-25.127	1.5	8	5.6	0.6	1.4	0.2
080906	13:33:16	228.055	-80.540	1.7	147	35	2	1.0	0.2
080905B	16:55:45	301.746	-62.568	1.9	128	18	2	0.5	0.1
080905A	11:58:54	287.663	-18.865	2.1	1.0	1.4	0.2	1.3	0.2
080903	01:12:23	86.790	51.256	1.0	66	14	1	0.8	0.1
080822B	21:02:52	63.560	25.760	3.6	64	1.7	0.6	0.06	0.02
080810	13:10:12	356.783	0.310	1.2	106	46	2	2.0	0.2
080805	07:41:34	314.231	-62.433	1.0	78	25	1	1.1	0.1
080804	23:20:14	328.675	-53.189	1.2	34	36	2	3.1	0.4
080802	15:12:21	270.729	-32.329	1.6	176	13	2	0.3	0.0
080727C	23:07:35	32.638	64.130	1.0	79.7	52	2	2.3	0.2
080727B	08:13:24	276.871	1.173	1.0	8.6	31	1	7.6	0.2
080727A	05:57:39	208.416	-18.572	2.4	4.9	1.3	0.3	0.3	0.2
080725	10:26:14	121.699	-13.984	1.3	120	37	2	2.3	0.3
080723A	04:19:24	274.461	-6.910	1.6	17.3	3.3	0.4	0.9	0.1
080721	10:25:16	224.481	-11.709	1.3	16.2	120	10	20.9	1.8
080714	17:52:56	188.104	-60.274	1.0	33	25	1	4.2	0.3
080710	07:13:10	8.259	19.484	2.3	120	14	2	1.0	0.2
080707	08:27:53	32.627	33.100	1.8	27.1	5.2	0.6	1.0	0.1
080703	19:00:13	101.822	-63.211	2.2	3.4	2.0	0.3	1.0	0.2
080702B	01:10:41	355.616	-5.424	3.5	20	5.0	0.9	0.5	0.1
080702A	11:50:43	313.049	72.278	3.0	0.5	0.36	0.10	0.7	0.2
080701	10:13:37	45.944	75.481	1.4	18	7.1	0.7	2.2	0.2
080623	10:25:28	237.667	-62.044	1.4	15.2	10	1	2.0	0.3
080613B	11:12:37	173.806	-7.102	1.0	105	58	2	2.7	0.2
080607	06:07:27	194.964	15.910	1.0	79	240	0.0	23.1	1.1
080605	23:47:57	262.130	4.010	1.0	20	133	2	19.9	0.6
080604	07:27:01	236.960	20.557	2.0	82	8.0	0.9	0.4	0.1
080603B	19:38:13	176.554	68.061	1.0	60	24	1	3.5	0.2
080602	01:30:28	19.177	-9.239	1.7	74	32	2	2.9	0.2
080524	04:13:00	268.449	80.143	2.5	9	2.9	0.5	0.4	0.2
080523	21:21:51	20.769	-64.060	1.7	102	8.8	1.0	0.5	0.1
080520	22:20:24	280.179	-54.964	2.4	2.8	0.55	0.17	0.5	0.1
080517	21:22:51	102.274	50.741	2.4	64.6	5.6	1.2	0.6	0.2
080516	00:17:07	120.661	-26.146	2.1	5.8	2.6	0.4	1.8	0.3
080515	06:01:13	3.166	32.564	1.6	21	20	3	3.9	0.7
080506	17:46:21	329.467	38.961	2.5	150	13	2	0.4	0.1
080503	12:26:13	286.686	68.803	3.5	170	20	1	0.9	0.1
080430	19:53:02	165.331	51.682	1.0	16.2	12	1	2.6	0.2
080426	13:23:22	26.510	69.469	1.1	1.7	3.7	0.3	4.8	0.3
080413B	08:51:12	326.138	-19.981	1.0	8.0	32	1	18.7	0.8
080413A	02:54:19	287.301	-27.677	1.0	46	35	1	5.6	0.2
080411	21:15:32	37.961	-71.297	1.0	56	264	1	43.2	0.9
080409	01:22:57	84.304	5.078	2.0	20.2	6.1	0.7	3.7	0.3
080330	03:41:16	169.278	30.607	1.8	61	3.4	0.8	0.9	0.2
080328	08:03:04	80.490	47.523	1.0	90.6	94	2	5.5	0.3
080325	04:09:17	277.906	36.516	2.0	128.4	49	4	1.4	0.6
080320	04:37:38	177.763	57.162	1.8	14	2.7	0.4	0.6	0.1
080319D	17:05:09	99.479	23.982	2.6	24	3.2	0.7	0.1	0.1
080319C	12:25:56	259.006	55.393	1.0	34	36	1	5.2	0.3
080319B	06:12:49	217.919	36.300	1.0	NA	810	10	24.8	0.5
080319A	05:45:42	206.352	44.080	1.7	64	48	4	1.2	0.2
080315	02:25:01	155.124	41.701	3.3	65	1.4	0.5	0.04	0.01
080310	08:37:58	220.040	-0.164	1.4	365	23	2	1.3	0.2
080307	11:23:30	136.629	35.151	1.6	125.9	8.7	1.2	0.4	0.1
080303	09:10:35	112.019	-70.231	1.6	67	6.6	1.0	1.4	0.2
080229A	17:04:59	228.220	-14.697	1.5	64	90	2	5.7	0.2
080218B	23:57:47	177.927	-53.086	2.0	6.2	5.1	1.0	3.1	0.6
080218A	20:08:42	355.941	12.159	2.5	27.6	6.3	1.4	1.4	0.4
080212	17:34:33	231.145	-22.739	1.5	123	29	3	1.2	0.3
080210	07:50:05	251.259	13.826	1.1	45	18	1	1.6	0.2
080207	21:30:21	207.514	7.492	1.2	340	61	2	1.0	0.3
080205	07:55:51	98.261	62.782	1.5	106.5	21	1	1.4	0.2
080130	11:13:59	261.632	-53.190	2.8	65	7.7	2.8	0.2	0.1
080129	06:06:45	105.297	-7.840	2.4	48	8.9	1.4	0.2	0.1
080123	04:21:57	338.974	-64.930	4.1	115	5.7	1.7	1.8	0.4
080121	21:29:55	137.235	41.841	3	0.7	0.3	0.2	NA	NA
071227	20:13:47	58.132	-55.959	1.7	1.8	2.2	0.3	1.6	0.2
071129	00:03:55	220.039	-26.667	2.2	420	35	3	0.9	0.2
071122	01:23:25	276.576	47.102	2.3	68.7	5.8	1.1	0.4	0.2
071118	08:57:17	299.839	70.130	2.7	71	5.0	1.0	0.3	0.1
071117	14:50:06	335.026	-63.442	1.0	6.6	24	1	11.3	0.4
071112C	18:32:57	39.218	28.368	1.0	15	30	4	8	1
071112B	18:23:31	260.213	-80.884	2.2	0.30	0.48	0.09	1.3	0.3
071101	17:53:46	48.179	62.524	2.7	9.0	0.76	0.26	0.4	0.1
071031	01:06:36	6.399	-58.048	2.1	180	9.0	1.3	0.5	0.1
071028B	02:43:46	354.163	-31.630	3	55	2.5	0.8	1.4	0.5
071028A	17:41:01	119.828	21.473	2.2	27.0	3.0	0.5	0.3	0.1
071025	04:08:54	355.065	31.784	1.3	109	65	2	1.6	0.2
071021	09:41:33	340.573	23.764	3.4	225	13	2	0.7	0.1
071020	07:02:26	119.666	32.857	1.0	4.2	23	1	8.4	0.3
071018	08:37:41	164.685	53.822	2.1	376.0	10	2	0.2	0.1
071013	12:09:19	279.501	33.846	2.5	26	3.2	0.7	0.4	0.2
071011	12:40:13	8.395	61.132	1.3	61	0.22	0.02	1.7	0.3
071010C	22:20:22	338.054	66.159	NA	NA	NA	NA	NA	NA
071010B	20:45:47	150.531	45.733	1.0	NA	44	1	7.7	0.3
071010A	03:41:12	288.040	-32.385	2.5	6	2.0	0.4	0.8	0.3
071008	21:55:56	151.571	44.303	2.0	18	2.4	0.4	0.5	0.1
071006	06:41:40	335.294	-23.147	1.9	50	1.4	0.2	13	3
071003	07:40:55	301.857	10.954	1.0	150	83	3	6.3	0.4
071001	16:31:48	149.707	-59.763	2	58.5	7.7	0.8	0.9	0.1
070923	19:15:23	184.623	-38.294	2.1	0.05	0.5	0.09	2.4	0.4
070920B	21:04:32	0.127	-34.844	1	20.2	6.6	0.5	0.8	0.1
070920A	04:00:13	100.968	72.250	2.1	56	5.1	0.7	0.3	0.1
070917	07:33:56	293.923	2.420	1.0	7.3	20	1	8.5	0.3
070913	00:36:43	228.737	-24.278	1.7	3.2	2.5	0.3	1.4	0.2
070911	05:57:44	25.819	-33.484	1.5	162	120	2	3.9	0.2
070810B	15:19:17	8.952	8.822	2.5	0.08	0.12	0.03	1.8	0.4
070810A	02:11:52	189.947	10.747	1.3	11.0	6.9	0.6	1.9	0.2
070809	19:22:17	203.767	-22.119	1.7	1.3	1.0	0.1	1.2	0.2
070808	18:28:00	6.761	1.180	1.2	32	12	1	2.0	0.2
070805	19:55:45	245.057	-59.957	1.5	31.0	7.2	0.8	0.7	0.2
070802	07:07:25	36.903	-55.517	2.0	16.4	2.8	0.5	0.4	0.1
070731	09:33:22	328.581	-15.740	1.9	2.9	1.6	0.3	1.2	0.2
070729	00:25:53	56.296	-39.330	2.2	0.9	1.0	0.2	1.0	0.2
070724A	10:53:50	27.824	-18.610	1.2	0.4	0.3	0.07	1.0	0.2
070721B	10:33:48	33.128	-2.198	1.2	340	36	2	1.5	0.3
070721A	10:01:08	3.144	-28.530	2.3	3.4	0.71	0.18	0.7	0.1
070714B	04:59:29	57.853	28.294	1.4	64	7.2	0.9	2.7	0.2
070714A	03:20:31	42.933	30.241	1.3	2.0	1.5	0.2	1.8	0.2
070704	20:05:57	354.707	66.257	1.6	380	59	3	2.1	0.2
070628	14:41:02	115.271	-20.281	1.3	39.1	35	2	5.1	0.3
070621	23:17:39	323.806	-24.809	1.0	33.3	43	1.0	2.5	0.3
070616	16:29:34	32.096	56.946	2.6	402.400	192.00	3.47	1.93	0.14
070612B	06:21:18	261.716	-8.747	1.1	13.500	16.80	1.16	2.47	0.39
070612A	02:38:46	121.355	37.258	1.4	368.800	106.00	6.01	1.51	0.38
070611	01:57:14	2.004	-29.756	1.9	12.200	3.91	0.57	0.82	0.21
070531	02:10:18	6.714	74.315	1.7	44.500	10.80	1.27	1.00	0.22
070529	12:48:28	283.717	20.648	1.7	109.200	25.70	2.45	1.43	0.36
070521	06:51:11	242.659	30.260	1.1	37.900	80.10	1.77	6.53	0.27
070520B	17:44:53	121.886	57.588	1.8	65.800	9.25	1.09	0.43	0.14
070520A	13:05:10	193.255	75.005	2.2	18.100	2.50	0.54	0.44	0.15
070518	14:26:21	254.219	55.289	1.8	5.500	1.62	0.24	0.68	0.13
070517	11:20:58	277.556	-62.305	1.9	7.600	2.15	0.35	0.95	0.17
070509	02:48:27	237.874	-78.657	1.7	7.700	1.75	0.25	0.68	0.12
070508	04:18:18	312.832	-78.382	1.0	20.900	196.00	2.73	24.10	0.61
070506	05:35:58	347.203	10.711	1.9	4.300	2.10	0.23	0.96	0.13
070429B	03:09:04	328.006	-38.857	1.8	0.470	0.63	0.10	1.76	0.24
070429A	01:35:10	297.695	-32.420	2.5	163.300	9.10	1.43	0.41	0.15
070427	08:31:09	28.871	-27.603	1.0	11.100	7.20	0.36	1.34	0.13
070420	06:18:14	121.245	-45.564	1.0	76.500	140.00	4.48	7.12	0.76
070419B	10:44:06	315.709	-31.266	1.0	236.400	73.60	1.95	1.38	0.17
070419A	09:59:26	182.755	39.903	2.3	115.600	5.58	0.83	0.20	0.10
070412	01:27:03	181.525	40.133	1.5	33.800	4.84	0.66	0.66	0.12
070411	20:12:33	107.342	1.061	1.5	121.500	27.00	1.55	0.91	0.13
070406	00:50:39	198.956	16.530	3.3	1.200	0.36	0.12	0.37	0.11
070330	22:51:31	269.533	-63.799	1.9	9.000	1.83	0.31	0.88	0.14
070328	03:53:53	65.113	-34.079	1.0	75.300	90.60	1.79	4.22	0.24
070326	16:29:12	40.337	-66.989	NA	NA	3.45	NA	NA	NA
070318	07:28:56	48.486	-42.950	1.0	74.600	24.80	1.12	1.76	0.15
070306	16:41:28	148.154	10.440	2.7	209.500	53.80	2.86	4.07	0.21
070227	22:21:59	120.578	-46.302	2.3	7	16.20	2.49	4.62	1.27
070224	20:27:58	178.988	-13.355	2.0	34.500	3.05	0.51	0.34	0.11
070223	01:15:01	153.453	43.132	1.2	88.500	17.00	1.20	0.69	0.15
070220	04:44:33	34.800	68.800	1.0	129.000	104.00	2.33	5.88	0.29
070219	01:10:16	260.220	69.345	1.9	16.600	3.19	0.44	0.67	0.13
070209	03:33:42	46.213	-47.376	2.8	0.090	0.22	0.05	0.38	0.13
070208	09:10:34	197.891	61.942	3.6	47.700	4.45	1.01	0.90	0.22
070129	23:35:10	36.995	11.728	2.7	460.600	29.80	2.67	0.55	0.12
070126	02:33:26	33.503	-73.553	3.7	51	1.63	0.62	NA	NA
070110	07:22:42	0.934	-52.978	1.1	88.400	16.20	1.08	0.60	0.12
070107	12:05:18	159.422	-53.202	1.1	347.300	51.70	2.64	1.97	0.23
070103	20:46:39	352.581	26.823	2.7	18.600	3.38	0.46	1.04	0.15
061222B	04:11:02	105.353	-25.866	1.2	40.000	22.40	1.83	1.59	0.36
061222A	03:28:52	358.254	46.524	1.2	71.400	79.90	1.58	8.53	0.26
061218	04:05:06	149.260	-35.217	3.5	6.500	0.41	0.15	0.26	0.12
061217	03:40:08	160.403	-21.152	2.2	0.210	0.42	0.07	1.49	0.24
061210	12:20:39	144.521	15.613	2.3	85.300	11.10	1.76	5.31	0.47
061202	08:11:45	105.255	-74.602	4.0	91.200	34.20	1.33	2.51	0.17
061201	15:58:37	332.079	-74.568	1.2	0.760	3.34	0.27	3.86	0.31
061126	08:47:56	86.615	64.204	1.0	70.800	67.70	2.21	9.76	0.38
061121	15:22:29	147.228	-13.188	1.0	81.300	137.00	1.99	21.10	0.46
061110B	21:58:46	323.912	6.872	1.6	134.000	13.30	1.21	0.45	0.11
061110A	11:47:21	336.284	-2.252	1.1	40.700	10.60	0.76	0.53	0.12
061102	01:00:31	148.394	-17.022	2.6	45.600	2.79	0.67	0.23	0.05
061028	01:26:22	97.193	46.290	2.5	106.200	9.66	1.72	0.65	0.19
061027	10:15:02	270.992	-82.239	3.7	150	2.97	0.93	NA	NA
061021	15:39:08	145.146	-21.953	1.0	46.200	29.60	1.01	6.11	0.27
061019	04:19:07	91.675	29.527	3.1	183.800	25.90	4.05	2.12	0.44
061007	10:08:09	46.299	-50.496	1.0	75.300	444.00	5.62	14.60	0.37
061006	16:45:51	110.998	-79.195	1.8	129.900	14.20	1.42	5.24	0.21
061004	19:50:31	97.795	-45.903	1.0	6.200	5.66	0.31	2.54	0.16
061002	01:03:30	220.356	48.726	1.7	17.600	6.77	0.81	0.81	0.26
060929	19:55:01	263.148	29.825	2.8	554.000	8.30	2.30	0.42	0.13
060927	14:07:35	329.547	5.370	1.0	22.500	11.30	0.68	2.70	0.17
060926	16:48:42	263.926	13.039	1.4	8.000	2.19	0.25	1.09	0.14
060923C	13:33:03	346.122	3.943	2.1	75.800	15.80	2.24	0.96	0.36
060923B	11:38:06	238.193	-30.907	1.6	8.600	4.80	0.62	1.52	0.33
060923A	05:12:15	254.623	12.341	2.1	51.700	8.69	1.33	1.32	0.26
060919	07:48:39	276.900	-50.994	1.6	9.100	5.46	0.64	2.12	0.30
060912A	13:55:54	5.285	20.971	1.0	5.000	13.50	0.62	8.58	0.44
060908	08:57:22	31.828	0.335	1.1	19.300	28.00	1.11	3.03	0.25
060906	08:32:47	40.709	30.362	2.5	43.500	22.10	1.36	1.97	0.28
060904B	02:31:04	58.218	-0.729	1.0	171.500	16.20	1.43	2.44	0.21
060904A	01:03:21	237.731	44.984	1.5	80.100	77.20	1.51	4.87	0.20
060825	02:59:58	18.132	55.796	1.0	8.000	9.63	0.48	2.66	0.17
060814	23:02:19	221.338	20.591	1.0	145.300	146.00	2.39	7.27	0.29
060813	22:50:23	111.890	-29.844	1.0	16.100	54.60	1.40	8.84	0.39
060807	14:41:35	252.520	31.591	1.8	54.000	8.48	1.09	0.83	0.16
060805A	04:47:49	220.928	12.580	2.7	5.300	0.72	0.20	0.34	0.11
060804	07:28:20	112.219	-27.225	1.9	17.800	5.98	0.99	1.13	0.29
060801	12:16:15	212.989	16.988	1.8	0.490	0.80	0.10	1.27	0.16
060729	19:12:29	95.287	-62.221	4.1	115.300	26.10	2.11	1.17	0.13
060728	22:24:31	16.644	-41.390	3.0	60	2.29	0.70	NA	NA
060719	06:50:37	18.420	-48.381	1.3	66.900	15.00	0.91	2.16	0.20
060717	09:07:39	170.857	28.982	2.6	3.000	0.65	0.16	0.54	0.11
060714	15:12:00	227.855	-6.544	1.5	115.000	28.30	1.67	1.28	0.13
060712	21:07:44	184.067	35.540	2.2	26.300	12.40	2.17	1.64	0.60
060708	12:15:59	7.831	-33.751	1.0	10.200	4.94	0.37	1.94	0.14
060707	21:30:19	357.069	-17.904	1.4	66.200	16.00	1.51	1.01	0.23
060614	12:43:49	320.877	-53.027	1.0	108.700	204.00	3.63	11.50	0.74
060607B	23:32:44	42.043	14.755	1.1	31.100	16.40	1.17	1.46	0.25
060607A	05:12:13	329.705	-22.496	1.0	102.200	25.50	1.12	1.40	0.13
060605	18:15:45	322.128	-6.071	1.9	79.100	6.97	0.90	0.46	0.12
060604	18:19:00	337.224	-10.945	3.7	95.000	4.02	1.06	0.34	0.13
060602A	21:32:12	149.579	0.314	1.6	75.000	16.10	1.57	0.56	0.20
060526	16:28:30	232.834	0.288	1.4	298.200	12.60	1.65	1.67	0.18
060522	02:11:19	322.954	2.895	1.5	71.100	11.40	1.11	0.55	0.15
060516	06:43:35	71.170	-18.126	2.4	161.600	10.20	1.58	0.34	0.23
060515	02:27:53	127.277	73.561	1.5	52.000	14.10	1.28	0.82	0.20
060512	23:13:21	195.748	41.209	1.9	8.500	2.32	0.40	0.88	0.20
060510B	08:22:15	239.259	78.591	1.9	275.200	40.70	1.76	0.57	0.11
060510A	07:43:28	95.860	-1.163	1.3	20.400	80.50	3.12	14.70	1.13
060507	01:53:12	89.911	75.250	1.1	183.300	44.50	2.30	1.27	0.22
060505	06:36:01	331.772	-27.815	3.9	 4	9.44	1.71	2.65	0.63
060502B	17:24:41	278.927	52.618	2.4	0.131	0.40	0.05	0.62	0.12
060502A	03:03:32	240.937	66.604	1.0	28.400	23.10	1.02	1.69	0.21
060501	08:14:59	328.374	44.002	1.3	21.900	12.20	1.03	1.98	0.26
060428B	08:54:39	235.369	62.016	1.6	57.900	8.23	0.81	0.66	0.15
060428A	03:22:48	123.540	-37.167	1.0	39.500	13.90	0.78	2.28	0.20
060427	11:43:11	124.177	62.657	2.1	64.000	4.99	0.88	0.27	0.13
060424	04:16:20	7.359	36.787	1.7	37.500	6.76	0.81	1.61	0.19
060421	00:39:23	343.629	62.730	1.0	12.200	12.50	0.57	2.94	0.18
060418	03:06:08	236.431	-3.640	1.0	103.100	83.30	2.53	6.52	0.35
060413	18:40:23	291.287	13.746	1.9	147.700	35.60	1.47	0.93	0.12
060403	13:12:17	282.338	8.327	1.0	30.100	13.50	0.73	0.95	0.13
060323	14:32:36	174.421	50.000	1.4	25.400	6.22	0.67	0.78	0.15
060322	23:00:21	274.230	-36.710	1.1	221.500	52.20	2.56	2.08	0.20
060319	00:55:43	176.379	60.038	2.0	10.600	2.64	0.34	1.09	0.14
060313	00:12:06	66.625	-10.858	1.0	0.740	11.30	0.45	12.10	0.45
060312	01:36:13	45.780	12.827	1.0	50.600	19.70	0.91	1.53	0.14
060306	00:49:11	41.097	-2.163	1.0	61.200	21.30	1.18	5.97	0.35
060223B	19:41:05	254.238	-30.812	1.0	10.300	16.00	0.56	2.87	0.20
060223A	06:04:24	55.186	-17.134	1.2	11.300	6.73	0.48	1.35	0.18
060219	22:48:05	241.851	32.309	2.1	62.100	4.28	0.80	0.56	0.17
060218	03:34:31	50.380	16.910	2.5	 2100	15.70	1.52	0.25	0.11
060211B	15:55:15	75.085	14.959	1.8	27.700	4.38	0.59	0.73	0.13
060211A	09:39:11	58.381	21.489	1.5	126.300	15.70	1.37	0.42	0.12
060210	04:58:50	57.727	27.015	1.0	255.000	76.60	4.09	2.72	0.28
060206	04:46:53	202.933	35.046	1.0	7.600	8.31	0.42	2.79	0.17
060204B	14:34:24	211.805	27.675	1.0	139.400	29.50	1.78	1.35	0.15
060203	23:55:35	103.463	71.841	1.8	68.200	8.98	1.28	0.60	0.19
060202	08:40:55	35.809	38.377	2.1	198.900	21.30	1.65	0.51	0.17
060124	15:54:52	77.097	69.727	1.6	 750	4.61	0.53	0.89	0.18
060123	22:22:40	179.750	45.513	NA	900	3.0	NA	0.04	NA
060117	06:50:02	327.912	-59.982	1.0	16.900	202.00	3.71	48.30	1.56
060116	08:37:27	84.698	-5.438	1.7	105.900	24.10	2.61	1.11	0.32
060115	13:08:01	54.007	17.339	2.0	139.600	17.10	1.50	0.87	0.12
060111B	20:15:43	286.456	70.380	1.5	58.800	16.00	1.42	1.40	0.27
060111A	04:23:06	276.193	37.600	1.0	13.200	12.00	0.58	1.71	0.15
060110	08:01:18	72.737	28.428	1.0	26.000	15.70	0.70	1.89	0.16
060109	16:54:41	282.735	32.011	3.0	115.400	6.55	1.03	0.47	0.12
060108	14:39:12	147.013	31.935	1.3	14.300	3.69	0.37	0.77	0.12
060105	06:49:27	297.485	46.356	1.0	54.400	176.00	3.04	7.44	0.36
060102	21:17:28	328.839	-1.837	2.6	19.000	2.34	0.50	0.38	0.12
051227	18:07:16	125.231	31.949	2.1	114.600	6.99	1.08	0.95	0.12
051221B	20:03:20	312.378	53.041	1.6	39.900	9.17	1.04	0.54	0.20
051221A	01:51:16	328.715	16.888	1.0	1.400	11.50	0.35	12.00	0.39
051213	07:13:04	252.084	-59.233	1.8	71.100	7.82	1.03	0.48	0.14
051210	05:46:21	330.192	-57.622	1.9	1.300	0.85	0.14	0.75	0.12
051117B	13:22:54	85.205	-19.286	2.4	9.000	1.77	0.37	0.49	0.14
051117A	10:51:20	228.398	30.868	1.0	136.300	43.40	1.55	0.95	0.16
051114	04:11:28	226.290	60.154	1.9	2.2	1.28	0.23	0.70	0.15
051113	15:22:35	187.242	-26.395	1.4	93.300	25.60	2.14	2.25	0.32
051111	05:59:41	348.136	18.367	1.0	46.100	40.80	1.34	2.66	0.21
051109B	08:39:39	345.469	38.663	2.0	14.300	2.56	0.41	0.55	0.13
051109A	01:12:21	330.316	40.850	1.9	37.200	22.00	2.72	3.94	0.69
051105A	06:26:41	265.279	34.916	2.6	0.093	0.22	0.04	0.32	0.12
051021B	23:31:54	126.059	-45.534	1.3	46.500	8.35	0.91	0.80	0.14
051016B	18:28:09	132.123	13.629	1.6	4.000	1.70	0.22	1.30	0.16
051016A	05:23:31	122.814	-18.299	2.0	23.000	8.37	1.38	1.39	0.38
051012	17:05:54	270.513	-52.799	2.2	13	3.04	0.42	0.53	0.13
051008	16:33:21	202.865	42.103	1.0	NA	50.90	1.45	5.44	0.35
051006	20:30:33	110.807	9.510	1.4	34.800	13.40	1.41	1.62	0.30
051001	11:11:36	350.984	-31.515	2.3	189.100	17.40	1.47	0.49	0.11
050925	09:04:34	303.490	34.329	1.4	0.070	0.76	0.09	10.00	1.19
050922C	19:55:50	317.383	-8.764	1.0	4.500	16.20	0.54	7.26	0.32
050922B	15:02:00	5.790	-5.607	2.6	150.900	22.30	3.56	1.01	0.36
050916	16:35:52	135.979	-51.406	2.9	49.500	9.29	1.27	0.65	0.23
050915B	21:23:04	219.109	-67.411	1.0	40.900	33.80	1.37	2.31	0.21
050915A	11:22:42	81.688	-28.014	1.4	52.000	8.50	0.88	0.77	0.14
050911	15:59:34	13.710	-38.856	2.4	16.200	3.17	0.58	1.33	0.20
050908	05:42:31	20.457	-12.950	1.5	19.400	4.83	0.51	0.70	0.14
050906	10:32:05	52.802	-14.621	3.3	0.258	0.06	0.02	NA	NA
050904	01:51:44	13.770	14.189	2.7	174.200	48.30	1.80	0.62	0.17
050827	18:57:15	64.294	18.219	1.0	50.000	21.00	1.21	1.84	0.20
050826	06:18:10	87.761	-2.658	2.0	35.500	4.13	0.72	0.38	0.13
050824	23:12:16	12.264	22.602	2.1	22.600	2.66	0.52	0.50	0.15
050822	03:49:29	51.106	-46.030	1.7	103.400	24.60	1.72	2.24	0.22
050820B	23:50:27	135.607	-72.640	1.0	12.000	20.60	0.58	3.95	0.18
050820A	06:34:53	337.416	19.560	1.1	26	34.40	2.42	2.45	0.23
050819	16:23:55	358.751	24.871	2.0	37.700	3.50	0.55	0.38	0.12
050815	17:25:19	293.584	9.139	1.9	2.900	0.79	0.15	0.55	0.12
050814	11:38:57	264.196	46.324	2.0	150.900	20.10	2.20	0.71	0.25
050813	06:45:10	242.001	11.244	2.8	0.450	0.44	0.11	0.94	0.23
050803	19:14:00	350.650	5.788	1.2	87.900	21.50	1.35	0.96	0.11
050802	10:08:02	219.283	27.799	1.3	19.000	20.00	1.57	2.75	0.44
050801	18:28:02	204.144	-21.930	1.5	19.400	3.10	0.48	1.46	0.14
050730	19:58:23	212.069	-3.754	1.3	156.500	23.80	1.52	0.55	0.14
050726	05:00:18	200.024	-32.064	1.8	49.900	19.40	2.12	1.38	0.38
050724	12:34:09	246.175	-27.526	1.9	96.000	9.98	1.20	3.26	0.30
050721	04:29:14	253.453	-28.386	1.9	98.400	36.20	3.16	2.24	0.46
050717	10:30:52	214.348	-50.541	1.0	85.000	63.10	1.75	6.23	0.31
050716	12:36:04	338.593	38.683	1.0	69.100	61.70	2.43	2.18	0.35
050715	22:30:26	155.641	-0.029	1.3	51.600	14.90	1.38	1.05	0.14
050714B	22:40:32	169.691	-15.547	2.4	46.700	5.95	1.05	0.52	0.22
050713B	12:07:18	307.821	60.936	2.1	54.200	31.80	3.18	1.60	0.50
050713A	04:29:02	320.585	77.072	1.0	124.700	51.10	2.12	4.67	0.33
050712	14:00:28	77.722	64.924	1.7	51.600	10.80	1.19	0.55	0.18
050701	11:42:59	227.241	-59.399	2.0	21.800	13.60	0.68	2.74	0.18
050607	09:11:23	300.180	9.139	1.3	26.400	5.92	0.55	0.95	0.14
050603	06:29:05	39.982	-25.175	1.1	12.400	63.60	2.29	21.50	1.07
050528	04:06:45	353.524	45.957	2.1	11.300	4.48	0.70	1.18	0.30
050525A	00:02:53	278.142	26.335	1.0	8.800	153.00	2.21	41.70	0.94
050509B	04:00:19	189.046	28.974	2.5	0.073	0.09	0.02	0.28	0.10
050509A	01:46:29	310.573	54.076	1.2	11.400	3.41	0.34	0.90	0.12
050507	22:43:18	48.063	-11.064	2.1	NA	1.67	0.32	0.29	0.13
050505	23:22:21	141.760	30.266	1.3	58.900	24.90	1.79	1.85	0.31
050502B	09:25:40	142.535	16.987	1.2	17.700	4.78	0.42	1.42	0.13
050422	07:52:40	324.507	55.788	1.8	59.300	6.07	0.74	0.57	0.11
050421	04:11:52	307.341	73.678	2.7	15.000	1.45	0.40	0.26	0.19
050418	11:00:35	44.334	-18.541	1.0	82.300	52.10	1.83	3.68	0.28
050416B	22:35:54	133.848	11.186	1.3	3.400	10.80	0.97	5.93	0.61
050416A	11:04:44	188.485	21.058	1.5	2.500	3.67	0.37	4.88	0.48
050412	05:44:03	181.099	-1.193	1.5	26.500	6.18	0.55	0.48	0.05
050410	12:14:34	89.757	79.605	1.1	42.500	41.50	2.25	1.80	0.36
050406	15:58:48	34.410	-50.180	2.5	5.400	0.68	0.14	0.36	0.10
050401	14:20:15	247.873	2.185	1.0	33.300	82.20	3.06	10.70	0.92
050326	09:53:56	6.871	-71.377	1.0	29.300	88.60	1.55	12.20	0.39
050319	09:31:18	154.172	43.581	2.4	152.500	13.10	1.48	1.52	0.21
050318	15:44:37	49.695	-46.386	1.0	32	10.80	0.77	3.16	0.20
050315	20:59:43	306.476	-42.591	1.1	95.600	32.20	1.46	1.93	0.22
050306	03:33:12	282.309	-9.152	1.0	158.300	115.00	4.34	3.58	0.48
050223	03:09:06	271.394	-62.465	1.5	22.500	6.36	0.65	0.69	0.16
050219B	21:05:51	81.306	-57.758	1.0	30.700	158.00	5.00	24.80	1.53
050219A	12:40:01	166.416	-40.681	1.0	23.700	41.10	1.58	3.53	0.35
050215B	02:33:43	174.463	40.797	1.6	8.100	2.27	0.29	0.67	0.12
050215A	02:15:29	348.403	49.328	2.6	87.300	7.08	1.08	0.49	0.13
050202	03:35:15	290.584	-38.730	2.3	0.270	0.30	0.06	0.55	0.17
050128	04:19:55	219.587	-34.765	1.1	19.200	50.20	2.29	7.42	0.73
050126	12:00:54	278.115	42.384	1.4	24.800	8.38	0.80	0.71	0.17
050124	11:30:03	192.877	13.039	1.0	4.000	11.90	0.66	5.46	0.38
050117	12:52:36	358.479	65.939	1.0	166.600	88.10	2.33	2.35	0.17
041228	10:49:14	336.642	5.032	1.0	55.400	34.90	1.52	1.61	0.25
041226	20:34:19	79.689	73.329	3.0	89.700	3.21	0.83	0.35	0.05
041224	20:20:58	56.192	-6.663	2.0	177.200	87.30	3.48	2.94	0.30
041223	14:06:18	100.204	-37.068	1.0	109.100	167.00	2.79	7.35	0.32
041220	22:58:27	291.288	60.598	1.0	5.600	3.83	0.28	1.81	0.14
041219C	20:30:34	343.926	-76.744	1.0	4.800	13.10	0.73	2.45	0.25
041219B	15:38:48	167.674	-33.458	7.0	30	NA	NA	NA	NA
041219A	01:42:18	6.154	62.847	7.0	520	1550	NA	NA	NA
041217	07:28:25	164.793	-17.942	1.3	5.800	27.70	1.23	6.86	0.52